0.64206,0.4444444444444444,0.015544373577769943,3.2050254799525656E-4,0.0022435178359667958,1.0,0.0,
0.50454,0.4444444444444444,0.015223871029774686,0.0,0.0032050254799525658,1.0,0.0,
0.50232,0.3333333333333333,0.015223871029774686,6.410050959905131E-4,0.004166533123938335,1.0,0.0,
0.50724,0.2222222222222222,0.014582865933784174,3.2050254799525656E-4,0.005769045863914618,1.0,0.0,
0.44982,0.2222222222222222,0.014262363385788917,0.0,0.0060895484119098744,0.0,1.0,
0.45154,0.2222222222222222,0.013941860837793661,6.410050959905131E-4,0.008012563699881414,1.0,0.0,
0.32028,0.2222222222222222,0.013300855741803147,0.0,0.011858594275824494,1.0,0.0,
0.32118,0.2222222222222222,0.013300855741803147,3.2050254799525656E-4,0.012179096823819749,1.0,0.0,
0.8533,1.0,0.06022242876830871,3.2050254799525656E-4,8.012563699881414E-4,1.0,0.0,
0.84968,0.4444444444444444,0.05990192622031345,3.2050254799525656E-4,0.002884522931957309,1.0,0.0,
0.8639,0.4444444444444444,0.059581423672318196,0.0,0.0032050254799525658,0.0,1.0,
0.86264,0.2222222222222222,0.059260921124322935,3.2050254799525656E-4,0.004807538219928849,0.0,1.0,
0.86402,0.2222222222222222,0.05861991602833243,3.2050254799525656E-4,0.0064100509599051315,0.0,1.0,
0.86442,0.2222222222222222,0.057978910932341914,3.2050254799525656E-4,0.008653568795871928,1.0,0.0,
0.80374,0.2222222222222222,0.05765840838434665,0.0,0.011858594275824494,1.0,0.0,
0.8027,0.2222222222222222,0.05765840838434665,3.2050254799525656E-4,0.012499599371815006,1.0,0.0,
0.35756,0.5555555555555556,0.0037178295567449763,3.2050254799525656E-4,0.0011217589179833979,0.0,1.0,
0.32572,0.4444444444444444,0.003076824460754463,3.2050254799525656E-4,0.003525528027947822,0.0,1.0,
0.3228,0.2222222222222222,0.00243581936476395,3.2050254799525656E-4,0.005448543315919362,1.0,0.0,
0.17686,0.2222222222222222,0.0021153168167686934,6.410050959905131E-4,0.007051056055895644,0.0,1.0,
0.93646,0.2222222222222222,0.0011538091727829236,0.0,0.011858594275824494,0.0,1.0,
0.93664,0.2222222222222222,8.33306624787667E-4,0.0,0.012820101919810263,1.0,0.0,
0.4592,0.5555555555555556,0.010380814921727545,4.163428444543133E-4,0.0018041523259686911,1.0,0.0,
0.32104,0.5555555555555556,0.009964472077273231,0.0,0.0033307427556345066,1.0,0.0,
0.32026,0.5555555555555556,0.009964472077273231,5.55123792605751E-4,0.0041634284445431335,1.0,0.0,
0.32022,0.3333333333333333,0.00940934828466748,5.55123792605751E-4,0.006383923614966138,1.0,0.0,
0.58408,0.3333333333333333,0.008854224492061729,0.0,0.0072166093038747645,1.0,0.0,
0.59078,0.2222222222222222,0.008854224492061729,5.55123792605751E-4,0.00804929499278339,1.0,0.0,
0.58538,0.2222222222222222,0.00829910069945598,2.775618963028755E-4,0.009437104474297768,1.0,0.0,
0.7515,0.2222222222222222,0.008021538803153103,0.0,0.012212723437326524,1.0,0.0,
0.7504222222222222,0.2222222222222222,0.008021538803153103,5.55123792605751E-4,0.01304540912623515,1.0,0.0,
0.7525,0.2222222222222222,0.007466415010547352,5.55123792605751E-4,0.014710780504052404,1.0,0.0,
0.5666,0.6666666666666666,0.010769401576551572,2.775618963028755E-4,9.714666370600644E-4,1.0,0.0,
0.568,0.5555555555555556,0.010491839680248695,2.775618963028755E-4,0.003053180859331631,1.0,0.0,
0.59064,0.5555555555555556,0.01021427778394582,0.0,0.0033307427556345066,0.0,1.0,
0.5864,0.3333333333333333,0.009936715887642944,2.775618963028755E-4,0.005273676029754635,0.0,1.0,
0.59042,0.2222222222222222,0.009381592095037193,2.775618963028755E-4,0.006939047407571889,1.0,0.0,
0.5077,0.2222222222222222,0.009104030198734318,0.0,0.0072166093038747645,0.0,1.0,
0.51574,0.2222222222222222,0.008826468302431442,2.775618963028755E-4,0.008604418785389142,0.0,1.0,
0.29346,0.2222222222222222,0.00827134450982569,0.0,0.012212723437326524,0.0,1.0,
0.29494,0.2222222222222222,0.007993782613522816,2.775618963028755E-4,0.013600532918840901,0.0,1.0,
0.2905,0.2222222222222222,0.007438658820917064,2.775618963028755E-4,0.015265904296658155,1.0,0.0,
0.62952,0.6666666666666666,0.023870323082047295,2.775618963028755E-4,0.0012490285333629399,0.0,1.0,
0.35194,0.5555555555555556,0.023315199289441545,2.775618963028755E-4,0.0036083046519373822,0.0,1.0,
0.34966,0.3333333333333333,0.022760075496835796,2.775618963028755E-4,0.005828799822360386,0.0,1.0,
0.27212,0.2222222222222222,0.022204951704230043,2.775618963028755E-4,0.007494171200177639,0.0,1.0,
0.27162,0.2222222222222222,0.021649827911624293,2.775618963028755E-4,0.009159542577994893,1.0,0.0,
0.31694,0.2222222222222222,0.021372266015321415,2.775618963028755E-4,0.012490285333629399,0.0,1.0,
0.31386,0.2222222222222222,0.020817142222715666,2.775618963028755E-4,0.014155656711446652,0.0,1.0,
0.5408,0.6666666666666666,0.005335149554458255,2.8378455076905615E-4,7.094613769226403E-4,0.0,1.0,
0.54532,0.4444444444444444,0.004767580452920143,2.8378455076905615E-4,0.004256768261535842,0.0,1.0,
0.43594,0.4444444444444444,0.004200011351382031,0.0,0.0059594755661501785,0.0,1.0,
0.43702,0.2222222222222222,0.0039162268006129744,2.8378455076905615E-4,0.007378398319995459,0.0,1.0,
0.43902,0.2222222222222222,0.0033486576990748623,2.8378455076905615E-4,0.009081105624609797,1.0,0.0,
0.43256,0.2222222222222222,0.003064873148305806,0.0,0.009364890175378853,0.0,1.0,
0.4335,0.2222222222222222,0.0027810885975367503,5.675691015381123E-4,0.01106759747999319,0.0,1.0,
0.28492,0.2222222222222222,0.0019297349452295817,0.0,0.016175719393836198,0.0,1.0,
0.28464,0.2222222222222222,0.0016459503944605256,2.8378455076905615E-4,0.017310857596912425,1.0,0.0,
0.2863,0.2222222222222222,0.0013621658436914694,0.0,0.017878426698450536,1.0,0.0,
0.67878,0.6666666666666666,0.018729780350757706,5.675691015381123E-4,0.0012770304784607525,0.0,1.0,
0.6765,0.4444444444444444,0.017878426698450536,2.8378455076905615E-4,0.004824337363073954,1.0,0.0,
0.92582,0.4444444444444444,0.01759464214768148,2.8378455076905615E-4,0.006243260116919235,0.0,1.0,
0.92566,0.2222222222222222,0.017027073046143367,2.8378455076905615E-4,0.007945967421533572,0.0,1.0,
0.88154,0.2222222222222222,0.016459503944605255,2.8378455076905615E-4,0.009648674726147909,0.0,1.0,
0.8836,0.2222222222222222,0.015891934843067144,5.675691015381123E-4,0.011918951132300357,1.0,0.0,
0.93256,0.2222222222222222,0.01532436574152903,2.8378455076905615E-4,0.016459503944605255,1.0,0.0,
0.93498,0.2222222222222222,0.015040581190759975,2.8378455076905615E-4,0.01759464214768148,1.0,0.0,
0.59034,0.6666666666666666,0.020205460014756798,8.513536523071684E-4,0.002128384130767921,1.0,0.0,
0.58842,0.4444444444444444,0.01935410636244963,2.8378455076905615E-4,0.00510812191384301,1.0,0.0,
0.73378,0.4444444444444444,0.01907032181168057,5.675691015381123E-4,0.006810829218457347,1.0,0.0,
0.73094,0.2222222222222222,0.01850275271014246,5.675691015381123E-4,0.008513536523071684,1.0,0.0,
0.78658,0.2222222222222222,0.017935183608604348,5.675691015381123E-4,0.01021624382768602,0.0,1.0,
0.78558,0.2222222222222222,0.01708382995629718,2.8378455076905615E-4,0.01248652023383847,1.0,0.0,
0.65726,0.2222222222222222,0.016800045405528125,2.8378455076905615E-4,0.016743288495374313,0.0,1.0,
0.4798,0.3333333333333333,0.0490379703728929,1.4189227538452808E-4,9.932459276916965E-4,1.0,0.0,
0.71018,0.3333333333333333,0.04889607809750837,0.0,0.0011351382030762246,1.0,0.0,
0.68874,0.3333333333333333,0.04889607809750837,0.0,0.0011351382030762246,1.0,0.0,
0.68992,0.3333333333333333,0.04889607809750837,2.8378455076905615E-4,0.0014189227538452807,1.0,0.0,
0.62006,0.1111111111111111,0.048612293546739314,0.0,0.0022702764061524492,1.0,0.0,
0.61886,0.1111111111111111,0.048612293546739314,2.8378455076905615E-4,0.002554060956921505,1.0,0.0,
0.52018,0.3333333333333333,0.1693909983540496,2.8378455076905615E-4,7.094613769226403E-4,1.0,0.0,
0.40808,0.3333333333333333,0.16910721380328056,0.0,0.0011351382030762246,1.0,0.0,
0.33998,0.3333333333333333,0.16910721380328056,0.0,0.0011351382030762246,0.0,1.0,
0.8139,0.1111111111111111,0.16882342925251148,0.0,0.0022702764061524492,0.0,1.0,
0.62938,0.2222222222222222,0.0031085584082223903,1.7473627927051098E-5,9.610495359878103E-5,0.0,1.0,
0.5874,0.2222222222222222,0.003073611152368288,0.0,1.6599946530698544E-4,0.0,1.0,
0.5211,0.2222222222222222,0.003056137524441237,0.0,2.1842034908813873E-4,1.0,0.0,
0.4642,0.2222222222222222,0.003056137524441237,0.0,2.1842034908813873E-4,1.0,0.0,
0.46856,0.1111111111111111,0.003056137524441237,1.7473627927051098E-5,2.3589397701518982E-4,1.0,0.0,
0.63142,0.7777777777777778,0.001988498858098415,1.7473627927051098E-5,2.6210441890576646E-5,0.0,1.0,
0.6275,0.2222222222222222,0.0019535516022443126,1.7473627927051098E-5,1.3105220945288322E-4,1.0,0.0,
0.55026,0.2222222222222222,0.0019360779743172617,1.7473627927051098E-5,1.8347309323403654E-4,1.0,0.0,
0.49852,0.2222222222222222,0.0019186043463902105,0.0,2.1842034908813873E-4,1.0,0.0,
0.37306,0.2222222222222222,0.0019186043463902105,0.0,2.1842034908813873E-4,0.0,1.0,
0.58724,0.5555555555555556,0.0017298891647780587,0.0,1.1357858152583214E-4,1.0,0.0,
0.45998,0.5555555555555556,0.0017298891647780587,0.0,1.1357858152583214E-4,1.0,0.0,
0.46352,0.4444444444444444,0.0017298891647780587,1.7473627927051098E-5,1.4852583737993435E-4,1.0,0.0,
0.4639,0.1111111111111111,0.0017124155368510076,1.7473627927051098E-5,2.1842034908813873E-4,1.0,0.0,
0.43096,0.2222222222222222,0.0016949419089239564,0.0,2.3589397701518982E-4,1.0,0.0,
0.42784,0.2222222222222222,0.0016949419089239564,1.7473627927051098E-5,2.70841232869292E-4,1.0,0.0,
0.34798,0.2222222222222222,0.0016774682809969053,0.0,3.407357445774964E-4,1.0,0.0,
0.58806,0.8888888888888888,0.0018836570905361083,1.7473627927051098E-5,2.6210441890576646E-5,1.0,0.0,
0.61654,0.5555555555555556,0.0018661834626090572,0.0,1.1357858152583214E-4,1.0,0.0,
0.6203,0.4444444444444444,0.0018661834626090572,1.7473627927051098E-5,1.6599946530698544E-4,0.0,1.0,
0.8337,0.2222222222222222,0.0018312362067549551,0.0,2.3589397701518982E-4,0.0,1.0,
0.86398,0.2222222222222222,0.001813762578827904,0.0,3.407357445774964E-4,1.0,0.0,
0.56124,0.6666666666666666,0.003293778864249132,1.7473627927051098E-5,9.610495359878103E-5,1.0,0.0,
0.47164,0.4444444444444444,0.003276305236322081,1.7473627927051098E-5,1.3105220945288322E-4,1.0,0.0,
0.46894,0.1111111111111111,0.00325883160839503,1.7473627927051098E-5,2.0094672116108763E-4,1.0,0.0,
0.41556,0.2222222222222222,0.0032413579804679788,1.7473627927051098E-5,2.5336760494224094E-4,1.0,0.0,
0.32076,0.2222222222222222,0.0032238843525409277,0.0,3.407357445774964E-4,1.0,0.0,
0.52948,0.8888888888888888,0.0014304552480591045,1.746587604467771E-5,4.366469011169428E-5,1.0,0.0,
0.52622,0.3333333333333333,0.0014129893720144268,1.746587604467771E-5,1.3099407033508284E-4,1.0,0.0,
0.90722,0.3333333333333333,0.001395523495969749,0.0,1.6592582242443827E-4,1.0,0.0,
0.90822,0.3333333333333333,0.001395523495969749,1.746587604467771E-5,2.0085757451379367E-4,1.0,0.0,
0.95486,0.3333333333333333,0.0013780576199250714,0.0,2.357893266031491E-4,1.0,0.0,
0.95258,0.2222222222222222,0.0013780576199250714,1.746587604467771E-5,2.532552026478268E-4,1.0,0.0,
0.95118,0.1111111111111111,0.0013605917438803937,0.0,3.056528307818599E-4,1.0,0.0,
0.95108,0.1111111111111111,0.0013605917438803937,1.746587604467771E-5,3.231187068265376E-4,1.0,0.0,
0.57354,0.5555555555555556,0.0032993039848396195,1.746587604467771E-5,7.85964422010497E-5,0.0,1.0,
0.65562,0.3333333333333333,0.003264372232750264,0.0,1.6592582242443827E-4,0.0,1.0,
0.83428,0.3333333333333333,0.0032469063567055864,0.0,2.357893266031491E-4,0.0,1.0,
0.86526,0.1111111111111111,0.0032294404806609087,0.0,3.056528307818599E-4,0.0,1.0,
0.54528,0.7777777777777778,0.010442847287112804,1.746587604467771E-5,2.6198814067016568E-5,1.0,0.0,
0.54496,0.5555555555555556,0.010425381411068125,1.746587604467771E-5,1.7465876044677712E-4,1.0,0.0,
0.7959,0.5555555555555556,0.010407915535023448,0.0,2.0959051253613254E-4,0.0,1.0,
0.77322,0.3333333333333333,0.01039044965897877,0.0,2.794540167148434E-4,0.0,1.0,
0.67752,0.3333333333333333,0.010372983782934093,0.0,4.191810250722651E-4,0.0,1.0,
0.675,0.1111111111111111,0.010355517906889414,1.746587604467771E-5,4.715786532062982E-4,1.0,0.0,
0.44272,0.7777777777777778,0.003426804879965767,1.746587604467771E-5,4.366469011169428E-5,1.0,0.0,
0.4374,0.5555555555555556,0.003409339003921089,1.746587604467771E-5,1.9212463649145482E-4,1.0,0.0,
0.2832,0.5555555555555556,0.0033918731278764114,1.746587604467771E-5,2.2705638858081025E-4,1.0,0.0,
0.27384,0.3333333333333333,0.0033744072518317337,1.746587604467771E-5,2.969198927595211E-4,1.0,0.0,
0.99036,0.3333333333333333,0.003356941375787056,1.746587604467771E-5,4.366469011169428E-4,0.0,1.0,
0.33604,0.2222222222222222,7.91973731703129E-4,0.0,6.132539957878212E-5,1.0,0.0,
0.20018,0.3333333333333333,7.91973731703129E-4,0.0,6.132539957878212E-5,1.0,0.0,
0.1031,0.2222222222222222,7.91973731703129E-4,0.0,6.132539957878212E-5,0.0,1.0,
0.03936,0.2222222222222222,7.744521889663341E-4,0.0,1.6645465599955144E-4,1.0,0.0,
0.29674,0.7777777777777778,0.010318436517698511,1.752154273679489E-5,2.6282314105192333E-5,1.0,0.0,
0.5213,0.3333333333333333,0.010300914974961715,0.0,6.132539957878212E-5,1.0,0.0,
0.48384,0.2222222222222222,0.010300914974961715,1.752154273679489E-5,7.8846942315577E-5,1.0,0.0,
0.5132,0.2222222222222222,0.01028339343222492,0.0,1.6645465599955144E-4,1.0,0.0,
0.50144,0.4444444444444444,0.0016207427031535273,1.752154273679489E-5,4.380385684198722E-5,1.0,0.0,
0.32226,0.2222222222222222,0.0016032211604167324,0.0,6.132539957878212E-5,1.0,0.0,
0.33756,0.2222222222222222,0.0016032211604167324,1.752154273679489E-5,9.63684850523719E-5,1.0,0.0,
0.26346,0.2222222222222222,0.0015856996176799375,0.0,1.6645465599955144E-4,1.0,0.0,
0.33404,0.5555555555555556,0.0016779999085366926,1.758909757375988E-5,1.4071278059007904E-4,1.0,0.0,
0.57346,0.5555555555555556,0.0016604108109629328,0.0,2.1106917088511856E-4,1.0,0.0,
0.56934,0.4444444444444444,0.0016604108109629328,3.517819514751976E-5,2.9901465875391796E-4,1.0,0.0,
0.64228,0.4444444444444444,0.0016252326158154129,0.0,3.869601466227174E-4,1.0,0.0,
0.62978,0.4444444444444444,0.0016252326158154129,0.0,3.869601466227174E-4,1.0,0.0,
0.63166,0.4444444444444444,0.0016252326158154129,1.758909757375988E-5,4.0454924419647725E-4,1.0,0.0,
0.62842,0.3333333333333333,0.0016076435182416531,3.517819514751976E-5,5.100838296390365E-4,1.0,0.0,
0.60012,0.7777777777777778,0.037487643658954434,1.758909757375988E-5,4.3972743934399704E-5,1.0,0.0,
0.60014,0.5555555555555556,0.037470054561380674,1.758909757375988E-5,1.7589097573759882E-4,1.0,0.0,
0.93796,0.5555555555555556,0.037452465463806914,1.758909757375988E-5,2.2865826845887844E-4,1.0,0.0,
0.93768,0.4444444444444444,0.037434876366233154,1.758909757375988E-5,3.5178195147519763E-4,1.0,0.0,
0.95672,0.4444444444444444,0.037417287268659394,0.0,3.869601466227174E-4,1.0,0.0,
0.90156,0.4444444444444444,0.037417287268659394,0.0,3.869601466227174E-4,1.0,0.0,
0.8958,0.4444444444444444,0.037417287268659394,1.758909757375988E-5,4.39727439343997E-4,0.0,1.0,
0.89874,0.2222222222222222,0.037382109073511874,1.758909757375988E-5,5.452620247865563E-4,1.0,0.0,
0.6673,0.6666666666666666,0.9428160848779492,1.758909757375988E-5,7.915093908191946E-5,0.0,1.0,
0.74496,0.5555555555555556,0.9427809066828017,1.758909757375988E-5,2.638364636063982E-4,0.0,1.0,
0.67066,0.4444444444444444,0.9427457284876543,0.0,3.869601466227174E-4,1.0,0.0,
0.9708,0.4444444444444444,0.9427457284876543,0.0,3.869601466227174E-4,0.0,1.0,
0.97354,0.3333333333333333,0.9427281393900805,1.758909757375988E-5,4.749056344915168E-4,0.0,1.0,
0.49924,0.3333333333333333,0.0015109034815859736,8.79454878687994E-6,6.156184150815958E-5,1.0,0.0,
0.85164,0.3333333333333333,0.0015021089327990939,0.0,7.035639029503952E-5,1.0,0.0,
0.84866,0.3333333333333333,0.0015021089327990939,3.517819514751976E-5,1.2312368301631917E-4,1.0,0.0,
0.85488,0.3333333333333333,0.0014669307376515741,1.758909757375988E-5,2.4624736603263834E-4,1.0,0.0,
0.82852,0.3333333333333333,0.0014493416400778141,0.0,2.814255611801581E-4,1.0,0.0,
0.82466,0.3333333333333333,0.0014493416400778141,1.758909757375988E-5,2.9901465875391796E-4,1.0,0.0,
0.77326,0.2222222222222222,0.0014317525425040544,0.0,3.869601466227174E-4,1.0,0.0,
0.76932,0.2222222222222222,0.0014317525425040544,1.758909757375988E-5,4.0454924419647725E-4,1.0,0.0,
0.82236,0.7777777777777778,0.037311752683216834,1.758909757375988E-5,2.638364636063982E-5,1.0,0.0,
0.83454,0.3333333333333333,0.037294163585643074,0.0,7.035639029503952E-5,0.0,1.0,
0.83418,0.3333333333333333,0.037276574488069314,1.758909757375988E-5,1.934800733113587E-4,0.0,1.0,
0.8609,0.3333333333333333,0.037241396292921794,0.0,2.814255611801581E-4,1.0,0.0,
0.86108,0.2222222222222222,0.037241396292921794,1.758909757375988E-5,3.1660375632767783E-4,1.0,0.0,
0.86796,0.2222222222222222,0.037223807195348034,0.0,3.869601466227174E-4,1.0,0.0,
0.8697,0.2222222222222222,0.037223807195348034,1.758909757375988E-5,4.2213834177023713E-4,1.0,0.0,
0.59402,0.3333333333333333,7.246708200389071E-4,1.758909757375988E-5,4.3972743934399704E-5,1.0,0.0,
0.7329,0.3333333333333333,7.070817224651472E-4,1.758909757375988E-5,8.794548786879941E-5,0.0,1.0,
0.7341,0.3333333333333333,6.719035273176275E-4,1.758909757375988E-5,2.2865826845887844E-4,1.0,0.0,
0.98236,0.3333333333333333,6.543144297438676E-4,0.0,2.814255611801581E-4,0.0,1.0,
0.97028,0.2222222222222222,6.367253321701077E-4,0.0,3.869601466227174E-4,0.0,1.0,
0.57264,0.7777777777777778,0.001282271698329465,1.4327058081893463E-5,3.581764520473366E-5,1.0,0.0,
0.62598,0.4444444444444444,0.0012679446402475716,1.4327058081893463E-5,1.0028940657325425E-4,0.0,1.0,
0.51718,0.4444444444444444,0.0012392905240837847,0.0,2.1490587122840197E-4,0.0,1.0,
0.29574,0.3333333333333333,0.001224963466001891,0.0,3.2952233588354966E-4,0.0,1.0,
0.50212,0.4444444444444444,0.0011232413536204477,1.4327058081893463E-5,5.014470328662712E-5,1.0,0.0,
0.50372,0.4444444444444444,0.001108914295538554,2.8654116163786927E-5,1.2894352273704117E-4,1.0,0.0,
0.36358,0.4444444444444444,0.0010802601793747672,1.4327058081893463E-5,2.2923292931029541E-4,1.0,0.0,
0.98968,0.3333333333333333,0.0010659331212928738,1.4327058081893463E-5,3.4384939396544313E-4,1.0,0.0,
0.63454,0.8888888888888888,0.002457090461044729,1.4327058081893463E-5,2.1490587122840196E-5,1.0,0.0,
0.42612,0.6666666666666666,0.0024427634029628355,0.0,1.0745293561420098E-4,1.0,0.0,
0.42988,0.5555555555555556,0.0024427634029628355,1.4327058081893463E-5,1.6476116794177483E-4,1.0,0.0,
0.42,0.6666666666666666,0.0024284363448809423,0.0,1.9341528410556175E-4,1.0,0.0,
0.41902,0.5555555555555556,0.0024284363448809423,1.4327058081893463E-5,2.0774234218745523E-4,1.0,0.0,
0.67842,0.3333333333333333,0.0024141092867990487,0.0,3.080317487607095E-4,1.0,0.0,
0.67752,0.3333333333333333,0.0024141092867990487,1.4327058081893463E-5,3.5101292300638984E-4,1.0,0.0,
0.6744,0.7777777777777778,0.0016734003839651566,1.4327058081893463E-5,5.014470328662712E-5,1.0,0.0,
0.6596,0.6666666666666666,0.0016590733258832631,0.0,1.0745293561420098E-4,0.0,1.0,
0.53206,0.5555555555555556,0.0016447462678013697,0.0,1.9341528410556175E-4,1.0,0.0,
0.53584,0.4444444444444444,0.0016447462678013697,1.4327058081893463E-5,2.220694002693487E-4,1.0,0.0,
0.57778,0.3333333333333333,0.0016304192097194763,0.0,3.080317487607095E-4,0.0,1.0,
0.76904,0.7777777777777778,0.001409782515258317,1.4327058081893463E-5,7.879881945041405E-5,1.0,0.0,
0.6554,0.6666666666666666,0.0013954554571764233,1.4327058081893463E-5,1.361070517779879E-4,1.0,0.0,
0.6379,0.5555555555555556,0.00138112839909453,0.0,1.9341528410556175E-4,1.0,0.0,
0.64206,0.3333333333333333,0.00138112839909453,1.4327058081893463E-5,2.3639645835124215E-4,1.0,0.0,
0.59276,0.3333333333333333,0.0013668013410126365,1.4327058081893463E-5,3.2235880684260295E-4,1.0,0.0,
0.43412,0.7777777777777778,0.008315424510730966,1.4327058081893463E-5,9.312587753230752E-5,1.0,0.0,
0.36444,0.6666666666666666,0.008301097452649073,1.4327058081893463E-5,1.5043410985988138E-4,1.0,0.0,
0.6825,0.5555555555555556,0.00828677039456718,0.0,1.9341528410556175E-4,0.0,1.0,
0.81548,0.3333333333333333,0.008272443336485287,1.4327058081893463E-5,3.366858649244964E-4,1.0,0.0,
0.59994,0.5555555555555556,0.005017967067493945,0.0,1.830261544374691E-4,0.0,1.0,
0.51096,0.5555555555555556,0.0049874627084210334,0.0,3.660523088749382E-4,1.0,0.0,
0.84438,0.5555555555555556,0.0049874627084210334,0.0,3.660523088749382E-4,0.0,1.0,
0.83752,0.3333333333333333,0.004956958349348122,0.0,6.100871814582304E-4,0.0,1.0,
0.58758,0.7777777777777778,0.002455600905369377,3.050435907291152E-5,4.575653860936728E-5,1.0,0.0,
0.5875,0.5555555555555556,0.002425096546296466,3.050435907291152E-5,2.1353051351038064E-4,1.0,0.0,
0.49038,0.5555555555555556,0.0023945921872235544,0.0,3.660523088749382E-4,1.0,0.0,
0.40698,0.5555555555555556,0.0023945921872235544,3.050435907291152E-5,3.9655666794784976E-4,1.0,0.0,
0.50242,0.3333333333333333,0.0023640878281506426,3.050435907291152E-5,6.405915405311419E-4,1.0,0.0,
0.63284,0.4444444444444444,0.0023192797218199173,3.337093124920744E-5,2.3359651874445207E-4,1.0,0.0,
0.57732,0.4444444444444444,0.0022859087905707097,0.0,3.337093124920744E-4,0.0,1.0,
0.95832,0.3333333333333333,0.002252537859321502,3.337093124920744E-5,5.005639687381116E-4,0.0,1.0,
0.95704,0.3333333333333333,0.0021857959968230875,3.337093124920744E-5,7.675314187317712E-4,0.0,1.0,
0.86904,0.3333333333333333,0.0021190541343246725,0.0,0.0015350628374635423,0.0,1.0,
0.86916,0.2222222222222222,0.002085683203075465,3.337093124920744E-5,0.001668546562460372,0.0,1.0,
0.86956,0.2222222222222222,0.0020189413405770503,3.337093124920744E-5,0.0018687721499556166,1.0,0.0,
0.48966,0.5555555555555556,0.0029499903224299378,3.337093124920744E-5,8.34273281230186E-5,1.0,0.0,
0.49586,0.4444444444444444,0.0029166193911807302,3.337093124920744E-5,3.0033838124286696E-4,1.0,0.0,
0.6917,0.3333333333333333,0.0028832484599315227,3.337093124920744E-5,3.6708024374128187E-4,1.0,0.0,
0.55122,0.3333333333333333,0.0028498775286823156,6.674186249841488E-5,5.673058312365265E-4,1.0,0.0,
0.54886,0.3333333333333333,0.0027831356661839005,6.674186249841488E-5,8.34273281230186E-4,1.0,0.0,
0.0,0.3333333333333333,0.0027163938036854855,3.337093124920744E-5,0.0015684337687127496,1.0,0.0,
0.0,0.2222222222222222,0.0026830228724362784,6.674186249841488E-5,0.0017352884249587869,1.0,0.0,
0.0,0.2222222222222222,0.0026162810099378633,3.337093124920744E-5,0.0019021430812048241,1.0,0.0,
0.5538,0.4444444444444444,0.005889969365485114,3.337093124920744E-5,1.1679825937222604E-4,0.0,1.0,
0.43882,0.3333333333333333,0.0058232275029866986,3.337093124920744E-5,4.004511749904893E-4,1.0,0.0,
0.4701,0.3333333333333333,0.005789856571737491,6.674186249841488E-5,6.340476937349413E-4,1.0,0.0,
0.46648,0.3333333333333333,0.005723114709239076,6.674186249841488E-5,9.010151437286009E-4,1.0,0.0,
0.86708,0.3333333333333333,0.005656372846740661,3.337093124920744E-5,0.0016018046999619572,0.0,1.0,
0.86914,0.2222222222222222,0.005589630984242247,3.337093124920744E-5,0.0018020302874572017,0.0,1.0,
0.47734,0.3333333333333333,0.0022474409596932752,1.6356921104026745E-5,1.1449844772818722E-4,1.0,0.0,
0.50322,0.3333333333333333,0.0022310840385892485,0.0,1.3085536883221396E-4,1.0,0.0,
0.50872,0.3333333333333333,0.0022310840385892485,3.271384220805349E-5,1.9628305324832096E-4,1.0,0.0,
0.408,0.3333333333333333,0.0021983701963811946,0.0,2.617107376644279E-4,1.0,0.0,
0.52178,0.3333333333333333,0.0021983701963811946,0.0,2.617107376644279E-4,1.0,0.0,
0.30426,0.3333333333333333,0.002237626807030859,0.0,1.3085536883221396E-4,1.0,0.0,
0.28762,0.3333333333333333,0.002237626807030859,0.0,1.3085536883221396E-4,1.0,0.0,
0.28674,0.3333333333333333,0.002237626807030859,3.271384220805349E-5,2.2899689545637444E-4,1.0,0.0,
0.52992,0.3333333333333333,0.0022049129648228053,0.0,2.617107376644279E-4,1.0,0.0,
0.38956,0.3333333333333333,0.0022049129648228053,0.0,2.617107376644279E-4,1.0,0.0,
0.59138,0.4444444444444444,0.006199273098426137,3.271384220805349E-5,4.907076331208024E-5,1.0,0.0,
0.79882,0.3333333333333333,0.0061665592562180835,0.0,1.3085536883221396E-4,0.0,1.0,
0.80148,0.3333333333333333,0.00613384541401003,0.0,2.617107376644279E-4,1.0,0.0,
0.72534,0.3333333333333333,0.00613384541401003,0.0,2.617107376644279E-4,1.0,0.0,
0.7065,0.3333333333333333,0.0028133904298926005,3.271384220805349E-5,8.178460552013374E-5,1.0,0.0,
0.5229,0.3333333333333333,0.002780676587684547,3.271384220805349E-5,1.6356921104026747E-4,1.0,0.0,
0.5876,0.3333333333333333,0.0027479627454764935,0.0,2.617107376644279E-4,1.0,0.0,
0.62594,0.3333333333333333,0.0027479627454764935,0.0,2.617107376644279E-4,1.0,0.0,
0.59844,0.3333333333333333,0.0021885560437187785,1.6356921104026745E-5,1.1449844772818722E-4,1.0,0.0,
0.5949,0.3333333333333333,0.0021721991226147518,3.271384220805349E-5,2.2899689545637444E-4,1.0,0.0,
0.49226,0.3333333333333333,0.0021394852804066983,0.0,2.617107376644279E-4,1.0,0.0,
0.49636,0.2222222222222222,0.0021394852804066983,6.542768441610698E-5,3.5985226428858843E-4,1.0,0.0,
0.4924,0.2222222222222222,0.0020740575959905913,3.271384220805349E-5,5.234214753288559E-4,1.0,0.0,
0.51178,0.2222222222222222,0.002041343753782538,0.0,5.561353175369094E-4,1.0,0.0,
0.51156,0.2222222222222222,0.002041343753782538,6.542768441610698E-5,6.542768441610699E-4,1.0,0.0,
0.4044,0.2222222222222222,0.001975916069366431,0.0,9.487014240335514E-4,1.0,0.0,
0.39788,0.2222222222222222,0.001975916069366431,3.271384220805349E-5,9.814152662416047E-4,1.0,0.0,
0.61992,0.3333333333333333,0.019870387757171693,0.0,1.3085536883221396E-4,0.0,1.0,
0.80422,0.3333333333333333,0.01983767391496364,0.0,2.617107376644279E-4,0.0,1.0,
0.80134,0.2222222222222222,0.019804960072755586,3.271384220805349E-5,4.252799487046954E-4,0.0,1.0,
0.82746,0.2222222222222222,0.01973953238833948,0.0,5.561353175369094E-4,0.0,1.0,
0.83058,0.2222222222222222,0.019706818546131426,3.271384220805349E-5,7.197045285771769E-4,1.0,0.0,
0.82904,0.2222222222222222,0.019674104703923372,0.0,9.487014240335514E-4,1.0,0.0,
0.8313,0.2222222222222222,0.019674104703923372,3.271384220805349E-5,0.0010141291084496582,1.0,0.0,
0.4775,0.3333333333333333,0.0021983701963811946,3.271384220805349E-5,8.178460552013374E-5,1.0,0.0,
0.48098,0.3333333333333333,0.002165656354173141,3.271384220805349E-5,1.9628305324832096E-4,1.0,0.0,
0.78802,0.2222222222222222,0.0021329425119650876,3.271384220805349E-5,2.9442457987248147E-4,0.0,1.0,
0.78784,0.2222222222222222,0.0020675148275489806,3.271384220805349E-5,4.907076331208024E-4,1.0,0.0,
0.7759,0.2222222222222222,0.002034800985340927,3.271384220805349E-5,5.888491597449629E-4,0.0,1.0,
0.76548,0.2222222222222222,0.00196937330092482,0.0,9.487014240335514E-4,0.0,1.0,
0.54266,0.5555555555555556,0.020671876891269002,1.6356921104026745E-5,1.7992613214429422E-4,1.0,0.0,
0.74352,0.5555555555555556,0.020655519970164977,0.0,1.9628305324832096E-4,0.0,1.0,
0.69316,0.4444444444444444,0.020622806127956923,0.0,3.5985226428858843E-4,0.0,1.0,
0.68914,0.3333333333333333,0.02059009228574887,3.271384220805349E-5,5.561353175369094E-4,1.0,0.0,
0.76408,0.3333333333333333,0.020557378443540816,0.0,8.832737396174443E-4,1.0,0.0,
0.76564,0.3333333333333333,0.020557378443540816,3.271384220805349E-5,9.487014240335514E-4,1.0,0.0,
0.42742,0.6666666666666666,0.0027479627454764935,3.271384220805349E-5,1.1449844772818722E-4,1.0,0.0,
0.38824,0.4444444444444444,0.00271524890326844,3.271384220805349E-5,2.9442457987248147E-4,1.0,0.0,
0.79938,0.3333333333333333,0.0026825350610603866,3.271384220805349E-5,4.252799487046954E-4,0.0,1.0,
0.87018,0.3333333333333333,0.0026171073766442796,0.0,8.832737396174443E-4,0.0,1.0,
0.527,0.5555555555555556,0.001845060700534217,3.271384220805349E-5,1.4721228993624073E-4,1.0,0.0,
0.73734,0.4444444444444444,0.0018123468583261635,3.271384220805349E-5,3.2713842208053495E-4,1.0,0.0,
0.59386,0.3333333333333333,0.00177963301611811,6.542768441610698E-5,4.907076331208024E-4,1.0,0.0,
0.78008,0.3333333333333333,0.001714205331702003,3.271384220805349E-5,9.159875818254978E-4,1.0,0.0,
0.50134,0.4444444444444444,0.0018385179320926062,3.271384220805349E-5,4.907076331208024E-5,1.0,0.0,
0.49998,0.2222222222222222,0.0018058040898845528,3.271384220805349E-5,1.7992613214429422E-4,1.0,0.0,
0.3447,0.2222222222222222,0.0017730902476764993,0.0,2.453538165604012E-4,1.0,0.0,
0.3753,0.2222222222222222,0.0017730902476764993,0.0,2.453538165604012E-4,1.0,0.0,
0.19388,0.2222222222222222,0.0017730902476764993,0.0,2.453538165604012E-4,1.0,0.0,
0.41818,0.4444444444444444,0.001583349962869789,3.271384220805349E-5,8.178460552013374E-5,1.0,0.0,
0.42644,0.2222222222222222,0.0015506361206617356,3.271384220805349E-5,2.126399743523477E-4,1.0,0.0,
0.2697,0.2222222222222222,0.001517922278453682,0.0,2.453538165604012E-4,1.0,0.0,
0.30174,0.2222222222222222,0.001517922278453682,0.0,2.453538165604012E-4,1.0,0.0,
0.08492,0.2222222222222222,0.001517922278453682,0.0,2.453538165604012E-4,1.0,0.0,
0.62072,0.4444444444444444,0.020426523074708602,3.271384220805349E-5,1.1449844772818722E-4,0.0,1.0,
0.53806,0.2222222222222222,0.020361095390292495,0.0,2.453538165604012E-4,1.0,0.0,
0.57148,0.2222222222222222,0.020361095390292495,0.0,2.453538165604012E-4,1.0,0.0,
0.38978,0.2222222222222222,0.020361095390292495,0.0,2.453538165604012E-4,1.0,0.0,
0.6203,0.6666666666666666,0.0035658088006778306,3.271384220805349E-5,4.907076331208024E-5,1.0,0.0,
0.62116,0.5555555555555556,0.003533094958469777,6.542768441610698E-5,4.579937909127489E-4,1.0,0.0,
0.61982,0.5555555555555556,0.00346766727405367,3.271384220805349E-5,7.524183707852304E-4,1.0,0.0,
0.59862,0.5555555555555556,0.0034349534318456167,0.0,7.851322129932838E-4,1.0,0.0,
0.60084,0.4444444444444444,0.0034349534318456167,3.271384220805349E-5,9.159875818254978E-4,1.0,0.0,
0.63434,0.4444444444444444,0.003402239589637563,0.0,9.487014240335514E-4,1.0,0.0,
0.63394,0.3333333333333333,0.003402239589637563,3.271384220805349E-5,0.0010468429506577117,1.0,0.0,
0.5857,0.3333333333333333,0.0033695257474295097,0.0,0.0012104121616979793,1.0,0.0,
0.58946,0.2222222222222222,0.0033695257474295097,3.271384220805349E-5,0.0012758398461140863,1.0,0.0,
0.64798,0.6666666666666666,0.0017730902476764993,3.271384220805349E-5,8.178460552013374E-5,0.0,1.0,
0.65124,0.5555555555555556,0.0017076625632603923,3.271384220805349E-5,5.234214753288559E-4,0.0,1.0,
0.51214,0.5555555555555556,0.0016422348788442853,0.0,7.851322129932838E-4,0.0,1.0,
0.43062,0.4444444444444444,0.0016095210366362319,0.0,9.487014240335514E-4,0.0,1.0,
0.45958,0.3333333333333333,0.0015768071944281784,0.0,0.0012104121616979793,0.0,1.0,
0.34332,0.6666666666666666,0.001517922278453682,6.542768441610698E-5,1.4721228993624073E-4,1.0,0.0,
0.34452,0.5555555555555556,0.0014524945940375751,6.542768441610698E-5,5.888491597449629E-4,1.0,0.0,
0.51602,0.5555555555555556,0.0013870669096214682,3.271384220805349E-5,8.178460552013373E-4,1.0,0.0,
0.5145,0.4444444444444444,0.0013543530674134147,3.271384220805349E-5,9.814152662416047E-4,1.0,0.0,
0.8891,0.3333333333333333,0.0013216392252053612,3.271384220805349E-5,0.0012431260039060328,1.0,0.0,
