0.55028,0.2222222222222222,1.0,0.0,
0.55092,0.2222222222222222,1.0,0.0,
0.89426,0.2222222222222222,0.0,1.0,
0.89022,0.1111111111111111,0.0,1.0,
0.89458,0.1111111111111111,1.0,0.0,
0.98944,0.1111111111111111,0.0,1.0,
0.9892,0.1111111111111111,0.0,1.0,
0.9891,0.1111111111111111,1.0,0.0,
0.99292,0.1111111111111111,0.0,1.0,
0.99144,0.1111111111111111,0.0,1.0,
0.99206,0.1111111111111111,1.0,0.0,
0.7126,0.3333333333333333,0.0,1.0,
0.70922,0.2222222222222222,0.0,1.0,
0.69022,0.1111111111111111,0.0,1.0,
0.6924,0.1111111111111111,0.0,1.0,
0.75036,0.1111111111111111,0.0,1.0,
0.7491,0.1111111111111111,0.0,1.0,
0.85324,0.1111111111111111,0.0,1.0,
0.85114,0.1111111111111111,0.0,1.0,
0.5075,0.7777777777777778,0.0,1.0,
0.80002,0.3333333333333333,0.0,1.0,
0.75048,0.2222222222222222,0.0,1.0,
0.80362,0.2222222222222222,0.0,1.0,
0.6204,0.6666666666666666,1.0,0.0,
0.50868,0.3333333333333333,1.0,0.0,
0.71242,0.2222222222222222,1.0,0.0,
0.76092,0.2222222222222222,1.0,0.0,
0.43438,0.4444444444444444,1.0,0.0,
0.68776,0.3333333333333333,1.0,0.0,
0.57248,0.2222222222222222,1.0,0.0,
0.60576,0.2222222222222222,1.0,0.0,
0.52558,0.5555555555555556,0.0,1.0,
0.52106,0.5555555555555556,1.0,0.0,
0.85738,0.5555555555555556,0.0,1.0,
0.91674,0.3333333333333333,0.0,1.0,
0.95018,0.3333333333333333,0.0,1.0,
0.43004,0.6666666666666666,1.0,0.0,
0.42834,0.5555555555555556,1.0,0.0,
0.43086,0.5555555555555556,1.0,0.0,
0.6035,0.5555555555555556,1.0,0.0,
0.55116,0.3333333333333333,1.0,0.0,
0.63704,0.3333333333333333,1.0,0.0,
0.49198,0.6666666666666666,1.0,0.0,
0.49412,0.5555555555555556,1.0,0.0,
0.4932,0.5555555555555556,1.0,0.0,
0.61022,0.5555555555555556,1.0,0.0,
0.79706,0.3333333333333333,1.0,0.0,
0.83704,0.3333333333333333,1.0,0.0,
0.28282,0.2222222222222222,0.0,1.0,
0.2619,0.1111111111111111,0.0,1.0,
0.12638,0.1111111111111111,0.0,1.0,
0.0,0.1111111111111111,0.0,1.0,
0.0,0.1111111111111111,0.0,1.0,
0.79844,0.6666666666666666,0.0,1.0,
0.79828,0.1111111111111111,1.0,0.0,
0.76652,0.1111111111111111,1.0,0.0,
0.74694,0.1111111111111111,1.0,0.0,
0.73838,0.1111111111111111,0.0,1.0,
0.73692,0.1111111111111111,1.0,0.0,
0.43106,0.6666666666666666,1.0,0.0,
0.43718,0.3333333333333333,1.0,0.0,
0.71502,0.3333333333333333,1.0,0.0,
0.71786,0.3333333333333333,1.0,0.0,
0.70186,0.2222222222222222,1.0,0.0,
0.70122,0.1111111111111111,1.0,0.0,
0.68664,0.1111111111111111,1.0,0.0,
0.688,0.1111111111111111,1.0,0.0,
0.46264,0.4444444444444444,0.0,1.0,
0.406,0.3333333333333333,0.0,1.0,
0.28706,0.2222222222222222,0.0,1.0,
0.14654,0.1111111111111111,0.0,1.0,
0.56392,0.4444444444444444,1.0,0.0,
0.9076,0.4444444444444444,1.0,0.0,
0.91078,0.3333333333333333,0.0,1.0,
0.91126,0.2222222222222222,1.0,0.0,
0.92958,0.2222222222222222,0.0,1.0,
0.9268,0.2222222222222222,0.0,1.0,
0.92824,0.2222222222222222,1.0,0.0,
0.95034,0.2222222222222222,1.0,0.0,
0.95234,0.2222222222222222,1.0,0.0,
0.57242,0.4444444444444444,1.0,0.0,
0.78068,0.4444444444444444,1.0,0.0,
0.7814,0.3333333333333333,1.0,0.0,
0.7812,0.2222222222222222,1.0,0.0,
0.778,0.2222222222222222,1.0,0.0,
0.77728,0.2222222222222222,1.0,0.0,
0.77448,0.2222222222222222,1.0,0.0,
0.70152,0.2222222222222222,1.0,0.0,
0.70342,0.2222222222222222,1.0,0.0,
0.54934,0.5555555555555556,0.0,1.0,
0.80748,0.3333333333333333,0.0,1.0,
0.80912,0.2222222222222222,0.0,1.0,
0.83,0.2222222222222222,0.0,1.0,
0.82864,0.2222222222222222,0.0,1.0,
0.82692,0.2222222222222222,0.0,1.0,
0.406,0.8888888888888888,1.0,0.0,
0.40252,0.3333333333333333,1.0,0.0,
0.40424,0.3333333333333333,1.0,0.0,
0.24396,0.3333333333333333,1.0,0.0,
0.241,0.3333333333333333,1.0,0.0,
0.31532,0.3333333333333333,1.0,0.0,
0.31624,0.2222222222222222,1.0,0.0,
0.3128,0.2222222222222222,1.0,0.0,
0.7285,0.2222222222222222,1.0,0.0,
0.7256,0.2222222222222222,1.0,0.0,
0.48588,0.7777777777777778,0.0,1.0,
0.48524,0.3333333333333333,0.0,1.0,
0.57724,0.3333333333333333,0.0,1.0,
0.9306,0.2222222222222222,0.0,1.0,
0.9308,0.2222222222222222,0.0,1.0,
0.96668,0.2222222222222222,0.0,1.0,
0.54082,0.5555555555555556,1.0,0.0,
0.4242,0.5555555555555556,1.0,0.0,
0.4536,0.5555555555555556,1.0,0.0,
0.45578,0.3333333333333333,1.0,0.0,
0.96192,0.2222222222222222,1.0,0.0,
0.9597,0.2222222222222222,0.0,1.0,
0.96018,0.1111111111111111,0.0,1.0,
0.51996,0.6666666666666666,1.0,0.0,
0.91484,0.5555555555555556,1.0,0.0,
0.92636,0.5555555555555556,0.0,1.0,
0.99384,0.2222222222222222,0.0,1.0,
0.99392,0.1111111111111111,0.0,1.0,
0.99438,0.1111111111111111,1.0,0.0,
0.65232,0.6666666666666666,0.0,1.0,
0.52454,0.3333333333333333,1.0,0.0,
0.5261,0.1111111111111111,1.0,0.0,
0.4949,0.1111111111111111,1.0,0.0,
0.4902,0.1111111111111111,1.0,0.0,
0.34266,0.1111111111111111,1.0,0.0,
0.61974,0.4444444444444444,1.0,0.0,
0.8265,0.3333333333333333,0.0,1.0,
0.81094,0.1111111111111111,0.0,1.0,
0.7445,0.1111111111111111,1.0,0.0,
0.6398,0.4444444444444444,1.0,0.0,
0.85952,0.4444444444444444,0.0,1.0,
0.85904,0.1111111111111111,1.0,0.0,
0.8464,0.1111111111111111,1.0,0.0,
0.84676,0.1111111111111111,1.0,0.0,
0.8431,0.1111111111111111,1.0,0.0,
0.7089,0.7777777777777778,0.0,1.0,
0.70296,0.4444444444444444,0.0,1.0,
0.70724,0.1111111111111111,0.0,1.0,
0.63226,0.1111111111111111,1.0,0.0,
0.54434,0.4444444444444444,1.0,0.0,
0.5485,0.4444444444444444,1.0,0.0,
0.54442,0.4444444444444444,1.0,0.0,
0.45228,0.2222222222222222,1.0,0.0,
0.4566,0.2222222222222222,1.0,0.0,
0.40458,0.2222222222222222,1.0,0.0,
0.40978,0.2222222222222222,1.0,0.0,
0.49364,0.6666666666666666,0.0,1.0,
0.92396,0.4444444444444444,0.0,1.0,
0.86344,0.2222222222222222,0.0,1.0,
0.89516,0.2222222222222222,0.0,1.0,
0.5105,0.1111111111111111,1.0,0.0,
0.7923,0.1111111111111111,0.0,1.0,
0.6294,0.1111111111111111,0.0,1.0,
0.62368,0.1111111111111111,1.0,0.0,
0.464,0.1111111111111111,1.0,0.0,
0.46592,0.1111111111111111,1.0,0.0,
0.52854,0.6666666666666666,1.0,0.0,
0.4989,0.1111111111111111,1.0,0.0,
0.79806,0.1111111111111111,0.0,1.0,
0.86808,0.1111111111111111,0.0,1.0,
0.4204,0.2222222222222222,1.0,0.0,
0.56228,0.2222222222222222,1.0,0.0,
0.56384,0.2222222222222222,1.0,0.0,
0.3795,0.2222222222222222,1.0,0.0,
0.08242,0.2222222222222222,1.0,0.0,
0.46172,0.3333333333333333,1.0,0.0,
0.67046,0.2222222222222222,1.0,0.0,
0.66952,0.2222222222222222,1.0,0.0,
0.71778,0.2222222222222222,1.0,0.0,
0.84192,0.2222222222222222,1.0,0.0,
0.54266,0.3333333333333333,1.0,0.0,
0.5702,0.2222222222222222,0.0,1.0,
0.42262,0.2222222222222222,1.0,0.0,
0.2854,0.2222222222222222,1.0,0.0,
0.65854,0.7777777777777778,0.0,1.0,
0.62598,0.3333333333333333,0.0,1.0,
0.55316,0.3333333333333333,0.0,1.0,
0.49488,0.2222222222222222,1.0,0.0,
0.50232,0.7777777777777778,1.0,0.0,
0.45846,0.3333333333333333,1.0,0.0,
0.403,0.3333333333333333,1.0,0.0,
0.74354,0.2222222222222222,1.0,0.0,
0.61716,0.6666666666666666,1.0,0.0,
0.54516,0.3333333333333333,1.0,0.0,
0.46342,0.3333333333333333,1.0,0.0,
0.3756,0.2222222222222222,1.0,0.0,
0.64722,0.4444444444444444,0.0,1.0,
0.83288,0.4444444444444444,0.0,1.0,
0.75694,0.4444444444444444,0.0,1.0,
0.75328,0.4444444444444444,1.0,0.0,
0.75184,0.4444444444444444,1.0,0.0,
0.83488,0.4444444444444444,1.0,0.0,
0.53162,0.4444444444444444,1.0,0.0,
0.61512,0.4444444444444444,1.0,0.0,
0.90054,0.4444444444444444,1.0,0.0,
0.9021,0.4444444444444444,0.0,1.0,
0.9614,0.4444444444444444,1.0,0.0,
0.45818,0.7777777777777778,1.0,0.0,
0.4558,0.4444444444444444,1.0,0.0,
0.33356,0.4444444444444444,1.0,0.0,
0.2515,0.4444444444444444,1.0,0.0,
0.25336,0.4444444444444444,1.0,0.0,
0.20486,0.4444444444444444,1.0,0.0,
0.49404,0.6666666666666666,1.0,0.0,
0.49622,0.4444444444444444,1.0,0.0,
0.55934,0.4444444444444444,1.0,0.0,
0.85884,0.4444444444444444,0.0,1.0,
0.86,0.4444444444444444,1.0,0.0,
0.93426,0.4444444444444444,1.0,0.0,
0.60658,0.6666666666666666,0.0,1.0,
0.60992,0.4444444444444444,1.0,0.0,
0.52886,0.4444444444444444,1.0,0.0,
0.57132,0.4444444444444444,1.0,0.0,
0.574,0.4444444444444444,1.0,0.0,
0.48022,0.4444444444444444,1.0,0.0,
0.56046,0.6666666666666666,1.0,0.0,
0.65154,0.6666666666666666,1.0,0.0,
0.8633,0.6666666666666666,0.0,1.0,
0.91102,0.5555555555555556,0.0,1.0,
0.47924,0.8888888888888888,1.0,0.0,
0.51602,0.6666666666666666,1.0,0.0,
0.44012,0.6666666666666666,1.0,0.0,
0.20646,0.4444444444444444,1.0,0.0,
0.60904,0.8888888888888888,1.0,0.0,
0.66032,0.6666666666666666,1.0,0.0,
0.86944,0.6666666666666666,1.0,0.0,
0.915,0.4444444444444444,1.0,0.0,
0.52816,0.7777777777777778,1.0,0.0,
0.47622,0.6666666666666666,1.0,0.0,
0.53346,0.5555555555555556,1.0,0.0,
0.68486,0.3333333333333333,1.0,0.0,
0.39844,0.3333333333333333,1.0,0.0,
0.21582,0.3333333333333333,1.0,0.0,
0.10436,0.2222222222222222,1.0,0.0,
0.10724,0.2222222222222222,1.0,0.0,
0.07732,0.2222222222222222,1.0,0.0,
0.58734,0.7777777777777778,1.0,0.0,
0.58306,0.3333333333333333,1.0,0.0,
0.8104,0.3333333333333333,1.0,0.0,
0.80564,0.2222222222222222,1.0,0.0,
0.8036,0.2222222222222222,1.0,0.0,
0.79476,0.2222222222222222,1.0,0.0,
0.61082,0.4444444444444444,0.0,1.0,
0.7788,0.2222222222222222,1.0,0.0,
0.66444,0.2222222222222222,0.0,1.0,
0.68662,0.2222222222222222,1.0,0.0,
0.42074,0.2222222222222222,1.0,0.0,
0.29476,0.2222222222222222,1.0,0.0,
0.23116,0.2222222222222222,1.0,0.0,
0.14548,0.2222222222222222,1.0,0.0,
0.40772,0.2222222222222222,1.0,0.0,
0.23678,0.2222222222222222,1.0,0.0,
0.10222,0.2222222222222222,1.0,0.0,
0.08774,0.2222222222222222,1.0,0.0,
0.51262,0.7777777777777778,1.0,0.0,
0.41984,0.2222222222222222,1.0,0.0,
0.43506,0.2222222222222222,1.0,0.0,
0.42318,0.2222222222222222,1.0,0.0,
0.63024,0.7777777777777778,0.0,1.0,
0.53662,0.2222222222222222,1.0,0.0,
0.43266,0.2222222222222222,1.0,0.0,
0.87742,0.2222222222222222,1.0,0.0,
0.50626,0.6666666666666666,1.0,0.0,
0.55544,0.2222222222222222,1.0,0.0,
0.37722,0.2222222222222222,1.0,0.0,
0.16206,0.2222222222222222,1.0,0.0,
0.57176,0.4444444444444444,1.0,0.0,
0.46608,0.2222222222222222,1.0,0.0,
0.34822,0.2222222222222222,1.0,0.0,
0.37332,0.2222222222222222,1.0,0.0,
0.54934,0.6666666666666666,1.0,0.0,
0.81794,0.2222222222222222,1.0,0.0,
0.83578,0.2222222222222222,0.0,1.0,
0.84334,0.2222222222222222,0.0,1.0,
0.64158,0.4444444444444444,1.0,0.0,
0.61738,0.2222222222222222,1.0,0.0,
0.51292,0.2222222222222222,1.0,0.0,
0.35704,0.2222222222222222,1.0,0.0,
0.57576,0.4444444444444444,0.0,1.0,
0.56834,0.2222222222222222,1.0,0.0,
0.95668,0.2222222222222222,1.0,0.0,
0.95716,0.2222222222222222,0.0,1.0,
0.9575,0.2222222222222222,0.0,1.0,
0.9564,0.2222222222222222,0.0,1.0,
0.95508,0.2222222222222222,0.0,1.0,
0.95512,0.2222222222222222,1.0,0.0,
0.95504,0.2222222222222222,0.0,1.0,
0.95464,0.1111111111111111,0.0,1.0,
0.95284,0.1111111111111111,1.0,0.0,
0.37116,0.5555555555555556,0.0,1.0,
0.37412,0.2222222222222222,0.0,1.0,
0.61312,0.2222222222222222,0.0,1.0,
0.61508,0.2222222222222222,0.0,1.0,
0.61104,0.2222222222222222,1.0,0.0,
0.83064,0.2222222222222222,0.0,1.0,
0.83198,0.2222222222222222,0.0,1.0,
0.86466,0.2222222222222222,0.0,1.0,
0.86632,0.1111111111111111,0.0,1.0,
0.52462,0.6666666666666666,0.0,1.0,
0.4755,0.1111111111111111,0.0,1.0,
0.45208,0.1111111111111111,0.0,1.0,
0.45052,0.1111111111111111,0.0,1.0,
0.3916,0.1111111111111111,0.0,1.0,
0.50288,0.5555555555555556,1.0,0.0,
0.66024,0.1111111111111111,1.0,0.0,
0.65144,0.1111111111111111,0.0,1.0,
0.6501,0.1111111111111111,1.0,0.0,
0.5664,0.1111111111111111,1.0,0.0,
0.57206,0.2222222222222222,1.0,0.0,
0.62242,0.1111111111111111,1.0,0.0,
0.62106,0.1111111111111111,1.0,0.0,
0.51402,0.1111111111111111,1.0,0.0,
0.5143,0.1111111111111111,1.0,0.0,
0.43026,0.1111111111111111,1.0,0.0,
0.4348,0.1111111111111111,1.0,0.0,
0.27984,0.7777777777777778,0.0,1.0,
0.5556,0.1111111111111111,0.0,1.0,
0.52256,0.1111111111111111,0.0,1.0,
0.5238,0.1111111111111111,0.0,1.0,
0.85304,0.3333333333333333,1.0,0.0,
0.85244,0.3333333333333333,1.0,0.0,
0.84926,0.3333333333333333,1.0,0.0,
0.84378,0.3333333333333333,1.0,0.0,
0.8413,0.3333333333333333,0.0,1.0,
0.84138,0.3333333333333333,1.0,0.0,
0.84384,0.3333333333333333,1.0,0.0,
0.84706,0.3333333333333333,1.0,0.0,
0.84566,0.3333333333333333,0.0,1.0,
0.84728,0.3333333333333333,1.0,0.0,
0.35556,0.3333333333333333,0.0,1.0,
0.35586,0.3333333333333333,0.0,1.0,
0.4049,0.3333333333333333,0.0,1.0,
0.40566,0.3333333333333333,0.0,1.0,
0.20718,0.3333333333333333,0.0,1.0,
0.03618,0.3333333333333333,0.0,1.0,
0.31868,0.5555555555555556,1.0,0.0,
0.32036,0.3333333333333333,1.0,0.0,
0.32042,0.3333333333333333,1.0,0.0,
0.23178,0.3333333333333333,1.0,0.0,
0.23318,0.3333333333333333,1.0,0.0,
0.11628,0.3333333333333333,1.0,0.0,
0.0,0.3333333333333333,1.0,0.0,
0.852,0.5555555555555556,1.0,0.0,
0.85042,0.3333333333333333,0.0,1.0,
0.85266,0.3333333333333333,1.0,0.0,
0.81798,0.3333333333333333,0.0,1.0,
0.81668,0.3333333333333333,1.0,0.0,
0.74006,0.3333333333333333,1.0,0.0,
0.84216,0.3333333333333333,1.0,0.0,
0.5478,0.3333333333333333,0.0,1.0,
0.54458,0.3333333333333333,0.0,1.0,
0.44832,0.3333333333333333,0.0,1.0,
0.4433,0.1111111111111111,0.0,1.0,
0.4491,0.1111111111111111,1.0,0.0,
0.34624,0.1111111111111111,0.0,1.0,
0.4093,0.1111111111111111,0.0,1.0,
0.40578,0.1111111111111111,0.0,1.0,
0.4096,0.1111111111111111,1.0,0.0,
0.73884,0.3333333333333333,0.0,1.0,
0.74178,0.3333333333333333,1.0,0.0,
0.93684,0.3333333333333333,0.0,1.0,
0.94022,0.1111111111111111,0.0,1.0,
0.93688,0.1111111111111111,1.0,0.0,
0.98514,0.1111111111111111,0.0,1.0,
0.9852,0.1111111111111111,0.0,1.0,
0.73968,0.5555555555555556,1.0,0.0,
0.7414,0.2222222222222222,0.0,1.0,
0.74036,0.2222222222222222,1.0,0.0,
0.71556,0.2222222222222222,0.0,1.0,
0.7195,0.1111111111111111,0.0,1.0,
0.7211,0.1111111111111111,1.0,0.0,
0.32214,0.1111111111111111,1.0,0.0,
0.31868,0.1111111111111111,1.0,0.0,
0.39504,0.1111111111111111,1.0,0.0,
0.39538,0.1111111111111111,1.0,0.0,
0.58726,0.4444444444444444,0.0,1.0,
0.58908,0.2222222222222222,0.0,1.0,
0.6119,0.2222222222222222,0.0,1.0,
0.61648,0.1111111111111111,0.0,1.0,
0.59916,0.1111111111111111,0.0,1.0,
0.71094,0.1111111111111111,0.0,1.0,
0.4376,0.4444444444444444,1.0,0.0,
0.43954,0.4444444444444444,1.0,0.0,
0.58294,0.4444444444444444,1.0,0.0,
0.58326,0.4444444444444444,1.0,0.0,
0.57432,0.3333333333333333,1.0,0.0,
0.57426,0.3333333333333333,1.0,0.0,
0.51724,0.2222222222222222,1.0,0.0,
0.52242,0.1111111111111111,1.0,0.0,
0.52784,0.5555555555555556,0.0,1.0,
0.52996,0.4444444444444444,0.0,1.0,
0.65224,0.4444444444444444,0.0,1.0,
0.59324,0.3333333333333333,0.0,1.0,
0.629,0.2222222222222222,0.0,1.0,
0.6504,0.7777777777777778,1.0,0.0,
0.64848,0.2222222222222222,1.0,0.0,
0.9571,0.2222222222222222,1.0,0.0,
0.95648,0.1111111111111111,0.0,1.0,
0.9567,0.1111111111111111,0.0,1.0,
0.93616,0.1111111111111111,0.0,1.0,
0.93658,0.1111111111111111,0.0,1.0,
0.93328,0.1111111111111111,1.0,0.0,
0.97944,0.1111111111111111,0.0,1.0,
0.97798,0.1111111111111111,0.0,1.0,
0.97726,0.1111111111111111,1.0,0.0,
0.49396,0.5555555555555556,0.0,1.0,
0.38974,0.2222222222222222,0.0,1.0,
0.38946,0.1111111111111111,0.0,1.0,
0.3934,0.1111111111111111,1.0,0.0,
0.3417,0.1111111111111111,0.0,1.0,
0.34374,0.1111111111111111,0.0,1.0,
0.23408,0.1111111111111111,0.0,1.0,
0.23692,0.1111111111111111,0.0,1.0,
0.61768,0.6666666666666666,1.0,0.0,
0.61646,0.4444444444444444,1.0,0.0,
0.84328,0.3333333333333333,1.0,0.0,
0.84302,0.2222222222222222,1.0,0.0,
0.85018,0.2222222222222222,1.0,0.0,
0.84938,0.2222222222222222,1.0,0.0,
0.87292,0.2222222222222222,0.0,1.0,
0.87142,0.1111111111111111,0.0,1.0,
0.86996,0.1111111111111111,1.0,0.0,
0.60552,0.6666666666666666,0.0,1.0,
0.83252,0.3333333333333333,0.0,1.0,
0.8672,0.2222222222222222,0.0,1.0,
0.86916,0.2222222222222222,0.0,1.0,
0.87332,0.1111111111111111,0.0,1.0,
0.43764,0.5555555555555556,0.0,1.0,
0.35988,0.2222222222222222,0.0,1.0,
0.63984,0.1111111111111111,0.0,1.0,
0.63546,0.1111111111111111,0.0,1.0,
0.56742,0.4444444444444444,1.0,0.0,
0.48382,0.2222222222222222,1.0,0.0,
0.459,0.1111111111111111,1.0,0.0,
0.3743,0.1111111111111111,1.0,0.0,
0.61444,0.2222222222222222,1.0,0.0,
0.7863,0.2222222222222222,0.0,1.0,
0.78246,0.2222222222222222,0.0,1.0,
0.78464,0.2222222222222222,1.0,0.0,
0.68048,0.2222222222222222,0.0,1.0,
0.67964,0.1111111111111111,1.0,0.0,
0.7205,0.1111111111111111,1.0,0.0,
0.71548,0.1111111111111111,1.0,0.0,
0.52252,0.6666666666666666,0.0,1.0,
0.56458,0.2222222222222222,0.0,1.0,
0.57028,0.2222222222222222,0.0,1.0,
0.47958,0.2222222222222222,0.0,1.0,
0.43118,0.1111111111111111,0.0,1.0,
0.60716,0.8888888888888888,1.0,0.0,
0.6018,0.3333333333333333,0.0,1.0,
0.60738,0.2222222222222222,1.0,0.0,
0.8343,0.1111111111111111,1.0,0.0,
0.83446,0.1111111111111111,1.0,0.0,
0.9503,0.1111111111111111,0.0,1.0,
0.46144,0.8888888888888888,1.0,0.0,
0.73838,0.2222222222222222,0.0,1.0,
0.66516,0.1111111111111111,0.0,1.0,
0.78972,0.1111111111111111,1.0,0.0,
0.57146,0.6666666666666666,1.0,0.0,
0.57018,0.3333333333333333,1.0,0.0,
0.92748,0.3333333333333333,0.0,1.0,
0.92656,0.2222222222222222,1.0,0.0,
0.93168,0.2222222222222222,0.0,1.0,
0.92416,0.2222222222222222,0.0,1.0,
0.85228,0.5555555555555556,0.0,1.0,
0.87624,0.3333333333333333,0.0,1.0,
0.87122,0.2222222222222222,1.0,0.0,
0.84272,0.2222222222222222,1.0,0.0,
0.52848,0.3333333333333333,1.0,0.0,
0.45916,0.3333333333333333,1.0,0.0,
0.45922,0.3333333333333333,1.0,0.0,
0.44756,0.3333333333333333,1.0,0.0,
0.44796,0.3333333333333333,1.0,0.0,
0.3574,0.2222222222222222,1.0,0.0,
0.64756,0.4444444444444444,0.0,1.0,
0.86256,0.3333333333333333,0.0,1.0,
0.89344,0.3333333333333333,0.0,1.0,
0.89142,0.2222222222222222,1.0,0.0,
0.92386,0.2222222222222222,1.0,0.0,
0.54298,0.4444444444444444,1.0,0.0,
0.73882,0.3333333333333333,1.0,0.0,
0.9076,0.3333333333333333,0.0,1.0,
0.87054,0.2222222222222222,1.0,0.0,
0.57248,0.4444444444444444,1.0,0.0,
0.8453,0.4444444444444444,0.0,1.0,
0.84484,0.3333333333333333,1.0,0.0,
0.81102,0.3333333333333333,1.0,0.0,
0.811,0.3333333333333333,1.0,0.0,
0.93018,0.4444444444444444,1.0,0.0,
0.92722,0.2222222222222222,1.0,0.0,
0.58894,0.8888888888888888,1.0,0.0,
0.56674,0.4444444444444444,1.0,0.0,
0.95946,0.3333333333333333,0.0,1.0,
0.96268,0.4444444444444444,0.0,1.0,
0.79456,0.3333333333333333,0.0,1.0,
0.79692,0.3333333333333333,1.0,0.0,
0.8166,0.3333333333333333,0.0,1.0,
0.7472,0.2222222222222222,0.0,1.0,
0.55282,0.2222222222222222,1.0,0.0,
0.55432,0.2222222222222222,1.0,0.0,
0.6443,0.8888888888888888,1.0,0.0,
0.64604,0.3333333333333333,1.0,0.0,
0.64614,0.3333333333333333,1.0,0.0,
0.67638,0.2222222222222222,1.0,0.0,
0.7092,0.2222222222222222,1.0,0.0,
0.91206,0.2222222222222222,0.0,1.0,
0.64412,0.4444444444444444,1.0,0.0,
0.64782,0.3333333333333333,0.0,1.0,
0.51974,0.2222222222222222,1.0,0.0,
0.39766,0.2222222222222222,1.0,0.0,
0.19578,0.2222222222222222,1.0,0.0,
0.56314,0.3333333333333333,1.0,0.0,
0.74562,0.2222222222222222,1.0,0.0,
0.74318,0.2222222222222222,1.0,0.0,
0.67702,0.2222222222222222,1.0,0.0,
0.6791,0.2222222222222222,1.0,0.0,
0.65558,0.2222222222222222,1.0,0.0,
0.60052,0.3333333333333333,1.0,0.0,
0.56238,0.2222222222222222,1.0,0.0,
0.56168,0.2222222222222222,1.0,0.0,
0.7174,0.2222222222222222,1.0,0.0,
0.71548,0.2222222222222222,1.0,0.0,
0.75096,0.2222222222222222,1.0,0.0,
0.45204,0.4444444444444444,1.0,0.0,
0.45412,0.3333333333333333,1.0,0.0,
0.45396,0.3333333333333333,1.0,0.0,
0.60034,0.2222222222222222,1.0,0.0,
0.4766,0.2222222222222222,1.0,0.0,
0.50284,0.2222222222222222,1.0,0.0,
0.82346,0.4444444444444444,0.0,1.0,
0.77816,0.2222222222222222,0.0,1.0,
0.73004,0.2222222222222222,0.0,1.0,
0.76064,0.2222222222222222,1.0,0.0,
0.4308,0.3333333333333333,1.0,0.0,
0.74706,0.3333333333333333,1.0,0.0,
0.74412,0.3333333333333333,1.0,0.0,
0.72676,0.3333333333333333,1.0,0.0,
0.7325,0.3333333333333333,1.0,0.0,
0.69034,0.2222222222222222,1.0,0.0,
0.69294,0.2222222222222222,1.0,0.0,
0.49248,0.3333333333333333,1.0,0.0,
0.48894,0.3333333333333333,1.0,0.0,
0.24652,0.3333333333333333,1.0,0.0,
0.24498,0.2222222222222222,1.0,0.0,
0.60464,0.2222222222222222,1.0,0.0,
0.60136,0.2222222222222222,1.0,0.0,
0.6374,0.3333333333333333,1.0,0.0,
0.73418,0.3333333333333333,1.0,0.0,
0.64182,0.3333333333333333,0.0,1.0,
0.44638,0.2222222222222222,0.0,1.0,
0.59756,0.3333333333333333,1.0,0.0,
0.90358,0.3333333333333333,0.0,1.0,
0.95334,0.1111111111111111,0.0,1.0,
0.98926,0.1111111111111111,0.0,1.0,
0.42434,0.3333333333333333,1.0,0.0,
0.61494,0.3333333333333333,1.0,0.0,
0.62952,0.1111111111111111,1.0,0.0,
0.59982,0.1111111111111111,1.0,0.0,
0.5443,0.3333333333333333,1.0,0.0,
0.80694,0.3333333333333333,0.0,1.0,
0.78486,0.3333333333333333,1.0,0.0,
0.78316,0.3333333333333333,1.0,0.0,
0.7861,0.2222222222222222,1.0,0.0,
0.5243,0.6666666666666666,1.0,0.0,
0.48374,0.3333333333333333,1.0,0.0,
0.41754,0.3333333333333333,1.0,0.0,
0.36432,0.3333333333333333,0.0,1.0,
0.44126,0.4444444444444444,1.0,0.0,
0.915,0.4444444444444444,1.0,0.0,
0.91518,0.4444444444444444,0.0,1.0,
0.99186,0.4444444444444444,1.0,0.0,
0.99048,0.4444444444444444,0.0,1.0,
0.60856,0.4444444444444444,1.0,0.0,
0.48624,0.4444444444444444,1.0,0.0,
0.48654,0.4444444444444444,1.0,0.0,
0.46968,0.4444444444444444,1.0,0.0,
0.50518,0.4444444444444444,1.0,0.0,
0.65164,0.4444444444444444,1.0,0.0,
0.5991,0.4444444444444444,1.0,0.0,
0.6006,0.4444444444444444,1.0,0.0,
0.56814,0.4444444444444444,1.0,0.0,
0.89846,0.3333333333333333,1.0,0.0,
0.3935,0.1111111111111111,1.0,0.0,
0.56418,0.1111111111111111,1.0,0.0,
0.55706,0.1111111111111111,1.0,0.0,
0.55468,0.1111111111111111,1.0,0.0,
0.61706,0.1111111111111111,1.0,0.0,
0.61724,0.1111111111111111,1.0,0.0,
0.65024,0.6666666666666666,1.0,0.0,
0.51884,0.1111111111111111,1.0,0.0,
0.41388,0.1111111111111111,0.0,1.0,
0.19534,0.1111111111111111,0.0,1.0,
0.413,0.3333333333333333,1.0,0.0,
0.66982,0.2222222222222222,1.0,0.0,
0.67318,0.2222222222222222,1.0,0.0,
0.62138,0.2222222222222222,1.0,0.0,
0.61568,0.2222222222222222,1.0,0.0,
0.5108,0.2222222222222222,1.0,0.0,
0.7947,0.7777777777777778,0.0,1.0,
0.72664,0.2222222222222222,0.0,1.0,
0.72744,0.2222222222222222,1.0,0.0,
0.78748,0.2222222222222222,1.0,0.0,
0.7858,0.2222222222222222,1.0,0.0,
0.96662,0.2222222222222222,1.0,0.0,
0.50726,0.5555555555555556,1.0,0.0,
0.66892,0.2222222222222222,0.0,1.0,
0.6602,0.2222222222222222,0.0,1.0,
0.63814,0.2222222222222222,1.0,0.0,
0.51202,0.8888888888888888,1.0,0.0,
0.7211,0.5555555555555556,0.0,1.0,
0.7228,0.2222222222222222,1.0,0.0,
0.74882,0.2222222222222222,1.0,0.0,
0.75176,0.2222222222222222,1.0,0.0,
0.7356,0.2222222222222222,1.0,0.0,
0.74006,0.2222222222222222,1.0,0.0,
0.59666,0.8888888888888888,1.0,0.0,
0.85236,0.5555555555555556,1.0,0.0,
0.8536,0.2222222222222222,1.0,0.0,
0.87032,0.2222222222222222,1.0,0.0,
0.86908,0.2222222222222222,1.0,0.0,
0.868,0.2222222222222222,1.0,0.0,
0.86916,0.2222222222222222,1.0,0.0,
0.65614,0.7777777777777778,1.0,0.0,
0.91112,0.5555555555555556,0.0,1.0,
0.94716,0.2222222222222222,0.0,1.0,
0.96942,0.2222222222222222,0.0,1.0,
0.57362,0.5555555555555556,1.0,0.0,
0.74476,0.5555555555555556,1.0,0.0,
0.74252,0.3333333333333333,1.0,0.0,
0.73848,0.3333333333333333,1.0,0.0,
0.74082,0.3333333333333333,1.0,0.0,
0.74278,0.2222222222222222,1.0,0.0,
0.45722,1.0,1.0,0.0,
0.66864,0.5555555555555556,1.0,0.0,
0.66804,0.3333333333333333,1.0,0.0,
0.6379,0.3333333333333333,1.0,0.0,
0.97082,0.3333333333333333,0.0,1.0,
0.429,1.0,1.0,0.0,
0.72712,0.5555555555555556,0.0,1.0,
0.7036,0.3333333333333333,1.0,0.0,
0.67742,0.3333333333333333,1.0,0.0,
0.52352,0.6666666666666666,1.0,0.0,
0.88816,0.6666666666666666,0.0,1.0,
0.8898,0.3333333333333333,0.0,1.0,
0.9203,0.2222222222222222,0.0,1.0,
0.95234,0.1111111111111111,0.0,1.0,
0.57028,0.6666666666666666,1.0,0.0,
0.81176,0.4444444444444444,0.0,1.0,
0.81508,0.2222222222222222,1.0,0.0,
0.83898,0.1111111111111111,1.0,0.0,
0.83846,0.1111111111111111,1.0,0.0,
0.52506,0.3333333333333333,1.0,0.0,
0.91244,0.3333333333333333,0.0,1.0,
0.91068,0.3333333333333333,0.0,1.0,
0.90266,0.3333333333333333,0.0,1.0,
0.95584,0.3333333333333333,0.0,1.0,
0.58698,1.0,1.0,0.0,
0.7176,0.3333333333333333,0.0,1.0,
0.71864,0.3333333333333333,1.0,0.0,
0.99156,0.3333333333333333,1.0,0.0,
0.99666,0.3333333333333333,1.0,0.0,
0.54024,0.5555555555555556,1.0,0.0,
0.7738,0.5555555555555556,1.0,0.0,
0.77542,0.4444444444444444,1.0,0.0,
0.75502,0.3333333333333333,1.0,0.0,
0.75782,0.2222222222222222,1.0,0.0,
0.77544,0.2222222222222222,1.0,0.0,
0.6387,0.8888888888888888,1.0,0.0,
0.50964,0.5555555555555556,1.0,0.0,
0.51,0.3333333333333333,1.0,0.0,
0.87882,0.3333333333333333,1.0,0.0,
0.87956,0.2222222222222222,1.0,0.0,
0.89386,0.2222222222222222,1.0,0.0,
0.58746,0.8888888888888888,1.0,0.0,
0.80306,0.5555555555555556,0.0,1.0,
0.76914,0.3333333333333333,0.0,1.0,
0.79744,0.2222222222222222,1.0,0.0,
0.55602,0.4444444444444444,1.0,0.0,
0.7723,0.4444444444444444,1.0,0.0,
0.7728,0.4444444444444444,0.0,1.0,
0.72332,0.3333333333333333,0.0,1.0,
0.6983,0.3333333333333333,0.0,1.0,
0.58332,0.6666666666666666,1.0,0.0,
0.84528,0.4444444444444444,1.0,0.0,
0.85078,0.3333333333333333,1.0,0.0,
0.80422,0.3333333333333333,1.0,0.0,
0.79496,0.1111111111111111,1.0,0.0,
0.79666,0.8888888888888888,1.0,0.0,
0.78714,0.6666666666666666,1.0,0.0,
0.78798,0.2222222222222222,1.0,0.0,
0.85026,0.2222222222222222,0.0,1.0,
0.85018,0.1111111111111111,1.0,0.0,
0.94994,0.1111111111111111,0.0,1.0,
0.70794,0.6666666666666666,1.0,0.0,
0.97744,0.6666666666666666,0.0,1.0,
0.97494,0.1111111111111111,0.0,1.0,
0.88718,0.1111111111111111,1.0,0.0,
0.60588,0.3333333333333333,1.0,0.0,
0.91726,0.3333333333333333,0.0,1.0,
0.90618,0.3333333333333333,0.0,1.0,
0.9035,0.1111111111111111,1.0,0.0,
0.45952,0.8888888888888888,0.0,1.0,
0.60986,0.3333333333333333,1.0,0.0,
0.5247,0.3333333333333333,1.0,0.0,
0.47704,0.1111111111111111,1.0,0.0,
0.64806,1.0,1.0,0.0,
0.93488,0.5555555555555556,0.0,1.0,
0.93884,0.4444444444444444,0.0,1.0,
0.98468,0.3333333333333333,0.0,1.0,
0.50352,0.8888888888888888,1.0,0.0,
0.76758,0.4444444444444444,1.0,0.0,
0.77366,0.4444444444444444,1.0,0.0,
0.91306,0.3333333333333333,1.0,0.0,
0.66746,0.7777777777777778,1.0,0.0,
0.54588,0.4444444444444444,1.0,0.0,
0.56812,0.4444444444444444,1.0,0.0,
0.9722,0.3333333333333333,1.0,0.0,
0.6197,0.4444444444444444,1.0,0.0,
0.47046,0.4444444444444444,1.0,0.0,
0.73378,0.4444444444444444,0.0,1.0,
0.82888,0.2222222222222222,1.0,0.0,
0.57414,0.8888888888888888,1.0,0.0,
0.57496,0.4444444444444444,1.0,0.0,
0.43454,0.4444444444444444,1.0,0.0,
0.71098,0.3333333333333333,1.0,0.0,
0.7837,0.2222222222222222,1.0,0.0,
0.63436,0.7777777777777778,0.0,1.0,
0.56268,0.4444444444444444,1.0,0.0,
0.762,0.3333333333333333,1.0,0.0,
0.83962,0.2222222222222222,1.0,0.0,
0.61712,0.5555555555555556,1.0,0.0,
0.65836,0.4444444444444444,1.0,0.0,
0.65456,0.3333333333333333,0.0,1.0,
0.65576,0.2222222222222222,0.0,1.0,
0.4995,0.2222222222222222,0.0,1.0,
0.37458,0.2222222222222222,0.0,1.0,
0.79706,0.6666666666666666,0.0,1.0,
0.80402,0.3333333333333333,0.0,1.0,
0.80442,0.2222222222222222,0.0,1.0,
0.80106,0.2222222222222222,1.0,0.0,
0.8324,0.2222222222222222,1.0,0.0,
0.89006,0.2222222222222222,1.0,0.0,
0.71074,0.6666666666666666,1.0,0.0,
0.70742,0.3333333333333333,1.0,0.0,
0.62838,0.3333333333333333,1.0,0.0,
0.63022,0.3333333333333333,1.0,0.0,
0.53664,0.3333333333333333,1.0,0.0,
0.54884,0.2222222222222222,1.0,0.0,
0.6512,0.2222222222222222,1.0,0.0,
0.57816,0.6666666666666666,1.0,0.0,
0.57616,0.3333333333333333,1.0,0.0,
0.47702,0.3333333333333333,1.0,0.0,
0.47372,0.3333333333333333,1.0,0.0,
0.4908,0.3333333333333333,1.0,0.0,
0.48666,0.2222222222222222,1.0,0.0,
0.42326,0.2222222222222222,1.0,0.0,
0.63134,0.6666666666666666,0.0,1.0,
0.7989,0.3333333333333333,0.0,1.0,
0.7481,0.3333333333333333,0.0,1.0,
0.7693,0.2222222222222222,1.0,0.0,
0.3709,0.2222222222222222,1.0,0.0,
0.63066,0.2222222222222222,1.0,0.0,
0.69158,0.2222222222222222,1.0,0.0,
0.6889,0.1111111111111111,1.0,0.0,
0.6216,0.1111111111111111,1.0,0.0,
0.61926,0.1111111111111111,1.0,0.0,
0.57334,0.8888888888888888,1.0,0.0,
0.44128,0.2222222222222222,1.0,0.0,
0.50386,0.2222222222222222,0.0,1.0,
0.3677,0.1111111111111111,0.0,1.0,
0.34396,0.3333333333333333,1.0,0.0,
0.18746,0.3333333333333333,1.0,0.0,
0.4976,0.3333333333333333,1.0,0.0,
0.44892,0.3333333333333333,1.0,0.0,
0.57834,1.0,1.0,0.0,
0.45394,0.3333333333333333,1.0,0.0,
0.36486,0.3333333333333333,1.0,0.0,
0.79222,0.3333333333333333,1.0,0.0,
0.49588,1.0,1.0,0.0,
0.35528,0.3333333333333333,1.0,0.0,
0.22966,0.3333333333333333,1.0,0.0,
0.19216,0.3333333333333333,1.0,0.0,
0.64148,0.8888888888888888,1.0,0.0,
0.49402,0.3333333333333333,1.0,0.0,
0.45408,0.3333333333333333,1.0,0.0,
0.80332,0.3333333333333333,1.0,0.0,
0.59986,0.1111111111111111,1.0,0.0,
0.8126,0.1111111111111111,0.0,1.0,
0.81498,0.1111111111111111,1.0,0.0,
0.79834,0.1111111111111111,0.0,1.0,
0.8308,0.1111111111111111,0.0,1.0,
0.64756,0.8888888888888888,0.0,1.0,
0.80074,0.1111111111111111,0.0,1.0,
0.8023,0.1111111111111111,1.0,0.0,
0.84088,0.1111111111111111,1.0,0.0,
0.57004,0.2222222222222222,1.0,0.0,
0.37986,0.2222222222222222,1.0,0.0,
0.3793,0.2222222222222222,1.0,0.0,
0.35956,0.2222222222222222,1.0,0.0,
0.24702,0.2222222222222222,1.0,0.0,
0.45538,0.2222222222222222,1.0,0.0,
0.42248,0.2222222222222222,1.0,0.0,
0.4274,0.2222222222222222,1.0,0.0,
0.311,0.2222222222222222,1.0,0.0,
0.79592,0.2222222222222222,1.0,0.0,
0.63854,0.3333333333333333,0.0,1.0,
0.44352,0.2222222222222222,0.0,1.0,
0.51,0.2222222222222222,1.0,0.0,
0.4349,0.2222222222222222,1.0,0.0,
0.43524,0.5555555555555556,1.0,0.0,
0.56122,0.5555555555555556,1.0,0.0,
0.58892,0.5555555555555556,1.0,0.0,
0.9404,0.5555555555555556,0.0,1.0,
0.9385,0.1111111111111111,1.0,0.0,
0.54068,0.8888888888888888,1.0,0.0,
0.41082,0.5555555555555556,1.0,0.0,
0.29956,0.5555555555555556,1.0,0.0,
0.83036,0.5555555555555556,0.0,1.0,
0.59384,0.4444444444444444,1.0,0.0,
0.56304,0.4444444444444444,1.0,0.0,
0.56118,0.4444444444444444,1.0,0.0,
0.44932,0.3333333333333333,1.0,0.0,
0.44566,0.2222222222222222,1.0,0.0,
0.83542,0.2222222222222222,1.0,0.0,
0.83192,0.1111111111111111,1.0,0.0,
0.6459,0.7777777777777778,1.0,0.0,
0.64846,0.4444444444444444,1.0,0.0,
0.78918,0.4444444444444444,0.0,1.0,
0.81208,0.3333333333333333,0.0,1.0,
0.66522,0.2222222222222222,0.0,1.0,
0.5442,0.2222222222222222,1.0,0.0,
0.41768,0.2222222222222222,1.0,0.0,
0.32608,0.2222222222222222,1.0,0.0,
0.2854,0.2222222222222222,1.0,0.0,
0.58894,0.4444444444444444,1.0,0.0,
0.47554,0.2222222222222222,1.0,0.0,
0.62164,0.2222222222222222,1.0,0.0,
0.66074,0.2222222222222222,1.0,0.0,
0.5963,0.4444444444444444,1.0,0.0,
0.48094,0.2222222222222222,1.0,0.0,
0.39914,0.2222222222222222,1.0,0.0,
0.3237,0.2222222222222222,1.0,0.0,
0.40308,0.4444444444444444,1.0,0.0,
0.56132,0.4444444444444444,1.0,0.0,
0.55824,0.2222222222222222,1.0,0.0,
0.91314,0.2222222222222222,1.0,0.0,
0.90482,0.2222222222222222,0.0,1.0,
0.90652,0.1111111111111111,1.0,0.0,
0.37328,0.6666666666666666,1.0,0.0,
0.59062,0.4444444444444444,0.0,1.0,
0.37874,0.2222222222222222,1.0,0.0,
0.93464,0.1111111111111111,0.0,1.0,
0.54402,0.4444444444444444,1.0,0.0,
0.53742,0.4444444444444444,1.0,0.0,
0.73172,0.4444444444444444,1.0,0.0,
0.7328,0.2222222222222222,1.0,0.0,
0.71346,0.2222222222222222,1.0,0.0,
0.7089,0.2222222222222222,1.0,0.0,
0.72486,0.2222222222222222,1.0,0.0,
0.58664,0.4444444444444444,0.0,1.0,
0.59556,0.4444444444444444,0.0,1.0,
0.41304,0.2222222222222222,0.0,1.0,
0.2657,0.2222222222222222,1.0,0.0,
0.57322,0.6666666666666666,1.0,0.0,
0.57296,0.4444444444444444,1.0,0.0,
0.45882,0.4444444444444444,1.0,0.0,
0.43538,0.2222222222222222,1.0,0.0,
0.41192,0.2222222222222222,1.0,0.0,
0.52644,0.8888888888888888,1.0,0.0,
0.52678,0.4444444444444444,1.0,0.0,
0.52828,0.3333333333333333,1.0,0.0,
0.7897,0.3333333333333333,0.0,1.0,
0.7859,0.3333333333333333,0.0,1.0,
0.7861,0.3333333333333333,1.0,0.0,
0.79578,0.3333333333333333,0.0,1.0,
0.7865,0.3333333333333333,0.0,1.0,
0.78968,0.3333333333333333,1.0,0.0,
0.86428,0.3333333333333333,0.0,1.0,
0.86398,0.2222222222222222,1.0,0.0,
0.61886,0.6666666666666666,1.0,0.0,
0.61712,0.3333333333333333,1.0,0.0,
0.61904,0.3333333333333333,1.0,0.0,
0.65918,0.3333333333333333,1.0,0.0,
0.65744,0.3333333333333333,1.0,0.0,
0.65688,0.3333333333333333,1.0,0.0,
0.6947,0.3333333333333333,1.0,0.0,
0.69098,0.3333333333333333,1.0,0.0,
0.69228,0.3333333333333333,1.0,0.0,
0.99712,0.3333333333333333,0.0,1.0,
0.57076,0.6666666666666666,0.0,1.0,
0.57412,0.3333333333333333,1.0,0.0,
0.9215,0.3333333333333333,0.0,1.0,
0.92168,0.3333333333333333,1.0,0.0,
0.94854,0.3333333333333333,0.0,1.0,
0.94978,0.3333333333333333,0.0,1.0,
0.94602,0.2222222222222222,1.0,0.0,
0.65692,0.4444444444444444,0.0,1.0,
0.64344,0.4444444444444444,1.0,0.0,
0.64398,0.4444444444444444,1.0,0.0,
0.8442,0.3333333333333333,1.0,0.0,
0.84376,0.3333333333333333,1.0,0.0,
0.87556,0.1111111111111111,1.0,0.0,
0.87806,0.1111111111111111,1.0,0.0,
0.67868,0.5555555555555556,1.0,0.0,
0.67904,0.4444444444444444,1.0,0.0,
0.58558,0.4444444444444444,0.0,1.0,
0.52088,0.3333333333333333,0.0,1.0,
0.6328,0.1111111111111111,0.0,1.0,
0.49958,0.3333333333333333,1.0,0.0,
0.34698,0.3333333333333333,1.0,0.0,
0.3094,0.3333333333333333,1.0,0.0,
0.80032,0.3333333333333333,0.0,1.0,
0.57014,1.0,1.0,0.0,
0.38362,0.3333333333333333,1.0,0.0,
0.25074,0.3333333333333333,1.0,0.0,
0.82514,0.3333333333333333,1.0,0.0,
0.48352,0.3333333333333333,1.0,0.0,
0.45138,0.2222222222222222,1.0,0.0,
0.43104,0.2222222222222222,0.0,1.0,
0.57716,0.1111111111111111,0.0,1.0,
0.64164,0.3333333333333333,0.0,1.0,
0.60624,0.2222222222222222,1.0,0.0,
0.6316,0.1111111111111111,1.0,0.0,
0.70702,0.1111111111111111,1.0,0.0,
0.50924,1.0,1.0,0.0,
0.50838,0.4444444444444444,1.0,0.0,
0.73448,0.4444444444444444,0.0,1.0,
0.74578,0.2222222222222222,1.0,0.0,
0.95474,0.2222222222222222,0.0,1.0,
0.61816,0.6666666666666666,0.0,1.0,
0.6774,0.3333333333333333,1.0,0.0,
0.62022,0.2222222222222222,1.0,0.0,
0.8178,0.2222222222222222,1.0,0.0,
0.49944,1.0,1.0,0.0,
0.4998,0.4444444444444444,0.0,1.0,
0.50274,0.3333333333333333,0.0,1.0,
0.40418,0.3333333333333333,0.0,1.0,
0.40124,0.2222222222222222,1.0,0.0,
0.61458,0.2222222222222222,0.0,1.0,
0.61214,0.1111111111111111,0.0,1.0,
0.61864,0.1111111111111111,1.0,0.0,
0.85238,0.4444444444444444,1.0,0.0,
0.82606,0.4444444444444444,1.0,0.0,
0.8302,0.3333333333333333,1.0,0.0,
0.86116,0.3333333333333333,0.0,1.0,
0.91132,0.1111111111111111,0.0,1.0,
0.9121,0.1111111111111111,0.0,1.0,
0.41884,0.1111111111111111,1.0,0.0,
0.28242,0.1111111111111111,1.0,0.0,
0.18928,0.1111111111111111,1.0,0.0,
0.3247,0.1111111111111111,1.0,0.0,
0.35652,0.3333333333333333,1.0,0.0,
0.13934,0.1111111111111111,1.0,0.0,
0.03004,0.1111111111111111,1.0,0.0,
0.0,0.1111111111111111,1.0,0.0,
0.40006,1.0,1.0,0.0,
0.28064,0.4444444444444444,1.0,0.0,
0.89048,0.3333333333333333,0.0,1.0,
0.89262,0.1111111111111111,1.0,0.0,
0.92598,0.1111111111111111,1.0,0.0,
0.9284,0.1111111111111111,1.0,0.0,
0.57128,0.6666666666666666,1.0,0.0,
0.93218,0.4444444444444444,1.0,0.0,
0.95986,0.3333333333333333,0.0,1.0,
0.9549,0.1111111111111111,0.0,1.0,
0.54692,0.6666666666666666,1.0,0.0,
0.87938,0.6666666666666666,1.0,0.0,
0.88154,0.6666666666666666,0.0,1.0,
0.85194,0.5555555555555556,0.0,1.0,
0.77516,0.3333333333333333,0.0,1.0,
0.59822,1.0,1.0,0.0,
0.82958,0.6666666666666666,1.0,0.0,
0.82948,0.5555555555555556,1.0,0.0,
0.92228,0.4444444444444444,1.0,0.0,
0.7804,0.2222222222222222,1.0,0.0,
0.40286,0.5555555555555556,1.0,0.0,
0.93234,0.5555555555555556,0.0,1.0,
0.93232,0.2222222222222222,0.0,1.0,
0.9262,0.2222222222222222,0.0,1.0,
0.90218,0.1111111111111111,1.0,0.0,
0.63568,0.6666666666666666,1.0,0.0,
0.8415,0.4444444444444444,0.0,1.0,
0.84012,0.2222222222222222,1.0,0.0,
0.81444,0.1111111111111111,1.0,0.0,
0.7861,0.1111111111111111,1.0,0.0,
0.4639,1.0,1.0,0.0,
0.46392,0.4444444444444444,1.0,0.0,
0.47894,0.4444444444444444,1.0,0.0,
0.95682,0.4444444444444444,0.0,1.0,
0.99082,0.2222222222222222,0.0,1.0,
0.56734,0.5555555555555556,1.0,0.0,
0.77796,0.4444444444444444,1.0,0.0,
0.72486,0.3333333333333333,1.0,0.0,
0.81732,0.1111111111111111,1.0,0.0,
0.64802,0.7777777777777778,1.0,0.0,
0.67348,0.5555555555555556,0.0,1.0,
0.647,0.3333333333333333,1.0,0.0,
0.65628,0.3333333333333333,1.0,0.0,
0.65644,0.1111111111111111,1.0,0.0,
0.59016,0.6666666666666666,1.0,0.0,
0.9541,0.5555555555555556,1.0,0.0,
0.97008,0.3333333333333333,1.0,0.0,
0.95824,0.3333333333333333,0.0,1.0,
0.28678,0.3333333333333333,1.0,0.0,
0.13848,0.3333333333333333,1.0,0.0,
0.06022,0.3333333333333333,1.0,0.0,
0.0,0.3333333333333333,1.0,0.0,
0.43164,0.3333333333333333,1.0,0.0,
0.57068,0.3333333333333333,1.0,0.0,
0.52716,0.3333333333333333,1.0,0.0,
0.75042,0.3333333333333333,1.0,0.0,
0.51864,1.0,1.0,0.0,
0.73674,0.3333333333333333,1.0,0.0,
0.65172,0.3333333333333333,1.0,0.0,
0.51972,0.3333333333333333,1.0,0.0,
0.36958,0.5555555555555556,1.0,0.0,
0.20944,0.3333333333333333,1.0,0.0,
0.15822,0.3333333333333333,1.0,0.0,
0.14488,0.3333333333333333,1.0,0.0,
0.74498,0.7777777777777778,0.0,1.0,
0.7391,0.2222222222222222,1.0,0.0,
0.75022,0.2222222222222222,1.0,0.0,
0.78716,0.2222222222222222,0.0,1.0,
0.76504,0.1111111111111111,0.0,1.0,
0.59962,0.5555555555555556,0.0,1.0,
0.4521,0.2222222222222222,1.0,0.0,
0.34856,0.2222222222222222,1.0,0.0,
0.86422,0.1111111111111111,1.0,0.0,
0.73936,0.5555555555555556,1.0,0.0,
0.7468,0.5555555555555556,1.0,0.0,
0.71158,0.5555555555555556,1.0,0.0,
0.71308,0.5555555555555556,1.0,0.0,
0.7118,0.4444444444444444,1.0,0.0,
0.57474,1.0,0.0,1.0,
0.57084,0.5555555555555556,1.0,0.0,
0.6876,0.5555555555555556,1.0,0.0,
0.7186,0.5555555555555556,1.0,0.0,
0.76706,0.5555555555555556,1.0,0.0,
0.76596,0.3333333333333333,1.0,0.0,
0.82832,0.7777777777777778,1.0,0.0,
0.82404,0.5555555555555556,1.0,0.0,
0.64186,0.5555555555555556,1.0,0.0,
0.6828,0.5555555555555556,1.0,0.0,
0.71776,0.5555555555555556,0.0,1.0,
0.53764,0.7777777777777778,1.0,0.0,
0.5342,0.5555555555555556,1.0,0.0,
0.546,0.5555555555555556,1.0,0.0,
0.495,0.5555555555555556,1.0,0.0,
0.62334,0.5555555555555556,1.0,0.0,
0.6446,0.8888888888888888,1.0,0.0,
0.86226,0.5555555555555556,0.0,1.0,
0.85802,0.1111111111111111,1.0,0.0,
0.83682,0.1111111111111111,1.0,0.0,
0.93122,0.1111111111111111,0.0,1.0,
0.53266,0.7777777777777778,1.0,0.0,
0.76998,0.5555555555555556,0.0,1.0,
0.65496,0.1111111111111111,1.0,0.0,
0.4135,0.1111111111111111,1.0,0.0,
0.40826,0.4444444444444444,1.0,0.0,
0.60934,0.4444444444444444,1.0,0.0,
0.60778,0.4444444444444444,1.0,0.0,
0.59616,0.4444444444444444,1.0,0.0,
0.5952,0.3333333333333333,1.0,0.0,
0.66992,0.2222222222222222,1.0,0.0,
0.52782,0.4444444444444444,1.0,0.0,
0.35544,0.4444444444444444,1.0,0.0,
0.36082,0.4444444444444444,1.0,0.0,
0.49808,0.4444444444444444,1.0,0.0,
0.50102,0.2222222222222222,1.0,0.0,
0.19518,0.2222222222222222,1.0,0.0,
0.5153,0.4444444444444444,1.0,0.0,
0.78968,0.4444444444444444,0.0,1.0,
0.81432,0.4444444444444444,0.0,1.0,
0.8511,0.2222222222222222,1.0,0.0,
0.3745,0.3333333333333333,1.0,0.0,
0.61322,0.3333333333333333,1.0,0.0,
0.5825,0.3333333333333333,1.0,0.0,
0.58204,0.3333333333333333,1.0,0.0,
0.44752,0.2222222222222222,1.0,0.0,
0.31612,0.4444444444444444,1.0,0.0,
0.26892,0.3333333333333333,1.0,0.0,
0.13452,0.3333333333333333,1.0,0.0,
0.13234,0.2222222222222222,1.0,0.0,
0.0,0.2222222222222222,1.0,0.0,
0.58664,0.4444444444444444,1.0,0.0,
0.42526,0.3333333333333333,1.0,0.0,
0.46546,0.3333333333333333,0.0,1.0,
0.62226,0.2222222222222222,1.0,0.0,
0.2815,0.3333333333333333,1.0,0.0,
0.28318,0.3333333333333333,1.0,0.0,
0.49298,0.3333333333333333,1.0,0.0,
0.49478,0.3333333333333333,1.0,0.0,
0.46678,0.3333333333333333,1.0,0.0,
0.4655,0.3333333333333333,1.0,0.0,
0.38292,0.3333333333333333,1.0,0.0,
0.60904,0.6666666666666666,1.0,0.0,
0.60742,0.3333333333333333,0.0,1.0,
0.82494,0.3333333333333333,0.0,1.0,
0.78756,0.3333333333333333,0.0,1.0,
0.7578,0.3333333333333333,1.0,0.0,
0.85124,0.6666666666666666,0.0,1.0,
0.8473,0.3333333333333333,1.0,0.0,
0.86152,0.3333333333333333,1.0,0.0,
0.94958,0.3333333333333333,1.0,0.0,
0.9481,0.3333333333333333,1.0,0.0,
0.67728,0.5555555555555556,1.0,0.0,
0.67784,0.3333333333333333,1.0,0.0,
0.59876,0.3333333333333333,1.0,0.0,
0.56134,0.3333333333333333,1.0,0.0,
0.54904,0.3333333333333333,1.0,0.0,
0.33322,0.3333333333333333,0.0,1.0,
0.32438,0.2222222222222222,0.0,1.0,
0.32192,0.2222222222222222,0.0,1.0,
0.32296,0.2222222222222222,1.0,0.0,
0.79578,0.2222222222222222,0.0,1.0,
0.79282,0.2222222222222222,0.0,1.0,
0.79398,0.2222222222222222,1.0,0.0,
0.80388,0.2222222222222222,0.0,1.0,
0.49332,0.4444444444444444,0.0,1.0,
0.49614,0.2222222222222222,1.0,0.0,
0.71418,0.2222222222222222,0.0,1.0,
0.71182,0.2222222222222222,0.0,1.0,
0.65174,0.2222222222222222,0.0,1.0,
0.64844,0.2222222222222222,0.0,1.0,
0.62222,0.2222222222222222,1.0,0.0,
0.49564,0.3333333333333333,1.0,0.0,
0.49458,0.2222222222222222,1.0,0.0,
0.36532,0.2222222222222222,1.0,0.0,
0.36624,0.2222222222222222,1.0,0.0,
0.30564,0.2222222222222222,1.0,0.0,
0.30718,0.2222222222222222,1.0,0.0,
0.3683,0.2222222222222222,1.0,0.0,
0.54682,0.8888888888888888,0.0,1.0,
0.5452,0.2222222222222222,0.0,1.0,
0.54406,0.2222222222222222,1.0,0.0,
0.54268,0.2222222222222222,1.0,0.0,
0.58696,0.2222222222222222,1.0,0.0,
0.58682,0.2222222222222222,1.0,0.0,
0.70374,0.1111111111111111,1.0,0.0,
0.7037,0.0,1.0,0.0,
0.57218,0.6666666666666666,0.0,1.0,
0.57402,0.2222222222222222,1.0,0.0,
0.56572,0.2222222222222222,0.0,1.0,
0.5271,0.2222222222222222,0.0,1.0,
0.7036,0.1111111111111111,0.0,1.0,
0.57258,0.8888888888888888,1.0,0.0,
0.57324,0.5555555555555556,1.0,0.0,
0.63086,0.5555555555555556,1.0,0.0,
0.62858,0.3333333333333333,1.0,0.0,
0.93062,0.2222222222222222,0.0,1.0,
0.97996,0.2222222222222222,0.0,1.0,
0.57168,0.7777777777777778,1.0,0.0,
0.57388,0.5555555555555556,1.0,0.0,
0.82082,0.5555555555555556,0.0,1.0,
0.83382,0.2222222222222222,1.0,0.0,
0.91824,0.2222222222222222,1.0,0.0,
0.67438,0.7777777777777778,1.0,0.0,
0.67794,0.1111111111111111,1.0,0.0,
0.6947,0.1111111111111111,1.0,0.0,
0.73526,0.1111111111111111,1.0,0.0,
0.87224,0.1111111111111111,1.0,0.0,
0.87094,0.1111111111111111,1.0,0.0,
0.61954,0.6666666666666666,0.0,1.0,
0.8578,0.1111111111111111,1.0,0.0,
0.95276,0.1111111111111111,1.0,0.0,
0.96614,0.1111111111111111,0.0,1.0,
0.50798,0.2222222222222222,0.0,1.0,
0.50326,0.1111111111111111,1.0,0.0,
0.49132,0.2222222222222222,0.0,1.0,
0.41916,0.2222222222222222,0.0,1.0,
0.3711,0.1111111111111111,0.0,1.0,
0.52282,0.6666666666666666,1.0,0.0,
0.522,0.1111111111111111,0.0,1.0,
0.39606,0.2222222222222222,1.0,0.0,
0.47758,0.2222222222222222,1.0,0.0,
0.72016,0.1111111111111111,1.0,0.0,
0.7696,0.7777777777777778,0.0,1.0,
0.77164,0.3333333333333333,1.0,0.0,
0.75398,0.3333333333333333,0.0,1.0,
0.75638,0.1111111111111111,1.0,0.0,
0.73038,0.1111111111111111,1.0,0.0,
0.74234,0.1111111111111111,1.0,0.0,
0.73952,0.1111111111111111,1.0,0.0,
0.60676,0.4444444444444444,1.0,0.0,
0.6093,0.3333333333333333,1.0,0.0,
0.82302,0.3333333333333333,0.0,1.0,
0.83046,0.1111111111111111,1.0,0.0,
0.82828,0.1111111111111111,0.0,1.0,
0.45414,0.2222222222222222,1.0,0.0,
0.89498,0.2222222222222222,1.0,0.0,
0.8967,0.2222222222222222,1.0,0.0,
0.86364,0.2222222222222222,1.0,0.0,
0.86062,0.2222222222222222,0.0,1.0,
0.86456,0.1111111111111111,1.0,0.0,
0.98874,0.1111111111111111,0.0,1.0,
0.9898,0.1111111111111111,0.0,1.0,
0.98892,0.1111111111111111,1.0,0.0,
0.29648,0.4444444444444444,0.0,1.0,
0.1707,0.2222222222222222,0.0,1.0,
0.21898,0.2222222222222222,0.0,1.0,
0.21884,0.1111111111111111,0.0,1.0,
0.51902,0.1111111111111111,0.0,1.0,
0.51796,0.1111111111111111,0.0,1.0,
0.58912,0.3333333333333333,1.0,0.0,
0.46456,0.2222222222222222,1.0,0.0,
0.46192,0.2222222222222222,1.0,0.0,
0.41098,0.2222222222222222,1.0,0.0,
0.41468,0.2222222222222222,1.0,0.0,
0.61042,0.1111111111111111,1.0,0.0,
0.61356,0.1111111111111111,1.0,0.0,
0.45094,0.4444444444444444,0.0,1.0,
0.58218,0.2222222222222222,0.0,1.0,
0.527,0.2222222222222222,0.0,1.0,
0.52308,0.2222222222222222,1.0,0.0,
0.40294,0.1111111111111111,1.0,0.0,
0.51084,0.3333333333333333,1.0,0.0,
0.75918,0.2222222222222222,1.0,0.0,
0.79804,0.2222222222222222,1.0,0.0,
0.88858,0.1111111111111111,0.0,1.0,
0.6803,0.3333333333333333,1.0,0.0,
0.69628,0.3333333333333333,0.0,1.0,
0.74032,0.2222222222222222,1.0,0.0,
0.73846,0.2222222222222222,1.0,0.0,
0.75226,0.2222222222222222,1.0,0.0,
0.74982,0.1111111111111111,1.0,0.0,
0.49458,0.5555555555555556,1.0,0.0,
0.49526,0.3333333333333333,1.0,0.0,
0.96348,0.3333333333333333,1.0,0.0,
0.97822,0.2222222222222222,0.0,1.0,
0.97906,0.2222222222222222,0.0,1.0,
0.70712,0.7777777777777778,0.0,1.0,
0.70558,0.4444444444444444,0.0,1.0,
0.68782,0.4444444444444444,0.0,1.0,
0.6861,0.3333333333333333,0.0,1.0,
0.758,0.2222222222222222,0.0,1.0,
0.2523,0.1111111111111111,0.0,1.0,
0.52518,0.7777777777777778,1.0,0.0,
0.52744,0.4444444444444444,1.0,0.0,
0.52822,0.4444444444444444,1.0,0.0,
0.52904,0.2222222222222222,1.0,0.0,
0.56966,0.2222222222222222,1.0,0.0,
0.0,0.1111111111111111,1.0,0.0,
0.61674,0.2222222222222222,1.0,0.0,
0.58928,0.1111111111111111,1.0,0.0,
0.59078,0.1111111111111111,1.0,0.0,
0.47106,0.1111111111111111,1.0,0.0,
0.46698,0.1111111111111111,1.0,0.0,
0.52896,0.1111111111111111,1.0,0.0,
0.79962,0.5555555555555556,0.0,1.0,
0.78574,0.1111111111111111,0.0,1.0,
0.77704,0.1111111111111111,0.0,1.0,
0.8765,0.1111111111111111,1.0,0.0,
0.41142,0.2222222222222222,1.0,0.0,
0.88644,0.2222222222222222,0.0,1.0,
0.90974,0.2222222222222222,1.0,0.0,
0.89876,0.2222222222222222,1.0,0.0,
0.89974,0.2222222222222222,0.0,1.0,
0.54282,0.4444444444444444,1.0,0.0,
0.50454,0.2222222222222222,1.0,0.0,
0.40438,0.2222222222222222,1.0,0.0,
0.95032,0.2222222222222222,0.0,1.0,
0.95016,0.1111111111111111,1.0,0.0,
0.767,0.5555555555555556,0.0,1.0,
0.72532,0.4444444444444444,0.0,1.0,
0.8035,0.1111111111111111,0.0,1.0,
0.87456,0.1111111111111111,0.0,1.0,
0.87318,0.1111111111111111,1.0,0.0,
0.49342,0.8888888888888888,1.0,0.0,
0.4965,0.4444444444444444,1.0,0.0,
0.42324,0.4444444444444444,1.0,0.0,
0.45308,0.1111111111111111,1.0,0.0,
0.97798,0.1111111111111111,0.0,1.0,
0.61752,0.3333333333333333,1.0,0.0,
0.62246,0.2222222222222222,1.0,0.0,
0.93584,0.2222222222222222,0.0,1.0,
0.93598,0.2222222222222222,0.0,1.0,
0.93644,0.2222222222222222,1.0,0.0,
0.93268,0.2222222222222222,0.0,1.0,
0.93036,0.2222222222222222,1.0,0.0,
0.97468,0.2222222222222222,0.0,1.0,
0.97508,0.1111111111111111,1.0,0.0,
0.63986,0.3333333333333333,0.0,1.0,
0.87972,0.2222222222222222,0.0,1.0,
0.8791,0.2222222222222222,0.0,1.0,
0.8632,0.2222222222222222,0.0,1.0,
0.88272,0.2222222222222222,0.0,1.0,
0.67818,0.3333333333333333,1.0,0.0,
0.6803,0.3333333333333333,1.0,0.0,
0.68646,0.3333333333333333,1.0,0.0,
0.68166,0.3333333333333333,1.0,0.0,
0.68246,0.3333333333333333,1.0,0.0,
0.66264,0.3333333333333333,1.0,0.0,
0.66348,0.3333333333333333,1.0,0.0,
0.71734,0.3333333333333333,1.0,0.0,
0.71814,0.3333333333333333,1.0,0.0,
0.5623,0.7777777777777778,1.0,0.0,
0.5707,0.3333333333333333,1.0,0.0,
0.8,0.3333333333333333,1.0,0.0,
0.7997,0.3333333333333333,1.0,0.0,
0.80116,0.3333333333333333,1.0,0.0,
0.79386,0.3333333333333333,0.0,1.0,
0.79074,0.3333333333333333,1.0,0.0,
0.8247,0.3333333333333333,0.0,1.0,
0.82406,0.2222222222222222,1.0,0.0,
0.8241,0.4444444444444444,0.0,1.0,
0.83534,0.3333333333333333,0.0,1.0,
0.83472,0.3333333333333333,0.0,1.0,
0.83284,0.3333333333333333,1.0,0.0,
0.85954,0.3333333333333333,0.0,1.0,
0.8637,0.3333333333333333,0.0,1.0,
0.47938,0.2222222222222222,1.0,0.0,
0.31232,0.1111111111111111,1.0,0.0,
0.31914,0.1111111111111111,1.0,0.0,
0.18056,0.1111111111111111,1.0,0.0,
0.79878,0.5555555555555556,0.0,1.0,
0.78748,0.1111111111111111,1.0,0.0,
0.7883,0.1111111111111111,1.0,0.0,
0.69232,0.1111111111111111,1.0,0.0,
0.4615,0.4444444444444444,1.0,0.0,
0.74766,0.4444444444444444,0.0,1.0,
0.74696,0.1111111111111111,1.0,0.0,
0.80946,0.1111111111111111,0.0,1.0,
0.84418,0.1111111111111111,0.0,1.0,
0.3651,0.4444444444444444,1.0,0.0,
0.67106,0.4444444444444444,0.0,1.0,
0.53946,0.1111111111111111,1.0,0.0,
0.63286,0.1111111111111111,1.0,0.0,
