0.4748,0.4444444444444444,1.0,0.0,
0.59608,0.4444444444444444,1.0,0.0,
0.75402,0.4444444444444444,1.0,0.0,
0.70828,0.4444444444444444,1.0,0.0,
0.54318,0.4444444444444444,1.0,0.0,
0.36926,0.4444444444444444,1.0,0.0,
0.70022,0.4444444444444444,1.0,0.0,
0.71946,0.4444444444444444,1.0,0.0,
0.58488,0.7777777777777778,1.0,0.0,
0.46056,0.4444444444444444,1.0,0.0,
0.4369,0.4444444444444444,1.0,0.0,
0.30828,0.4444444444444444,1.0,0.0,
0.40978,0.5555555555555556,1.0,0.0,
0.58724,0.4444444444444444,1.0,0.0,
0.6353,0.4444444444444444,1.0,0.0,
0.50522,0.4444444444444444,1.0,0.0,
0.48184,0.4444444444444444,1.0,0.0,
0.2874,0.4444444444444444,1.0,0.0,
0.20458,0.4444444444444444,1.0,0.0,
0.10114,0.4444444444444444,1.0,0.0,
0.35046,0.4444444444444444,1.0,0.0,
0.54692,0.4444444444444444,1.0,0.0,
0.56064,0.4444444444444444,0.0,1.0,
0.52626,0.1111111111111111,0.0,1.0,
0.58582,0.4444444444444444,1.0,0.0,
0.49892,0.4444444444444444,1.0,0.0,
0.43946,0.2222222222222222,1.0,0.0,
0.31534,0.1111111111111111,1.0,0.0,
0.647,0.7777777777777778,0.0,1.0,
0.57634,0.2222222222222222,1.0,0.0,
0.67358,0.2222222222222222,0.0,1.0,
0.7944,0.1111111111111111,0.0,1.0,
0.65102,0.5555555555555556,1.0,0.0,
0.43292,0.2222222222222222,1.0,0.0,
0.40282,0.2222222222222222,1.0,0.0,
0.31982,0.1111111111111111,1.0,0.0,
0.7989,0.8888888888888888,0.0,1.0,
0.70988,0.4444444444444444,0.0,1.0,
0.7143,0.2222222222222222,1.0,0.0,
0.77798,0.2222222222222222,1.0,0.0,
0.81488,0.2222222222222222,0.0,1.0,
0.44804,0.6666666666666666,1.0,0.0,
0.53498,0.3333333333333333,1.0,0.0,
0.53672,0.2222222222222222,1.0,0.0,
0.57314,0.2222222222222222,1.0,0.0,
0.59286,0.2222222222222222,1.0,0.0,
0.31516,0.3333333333333333,1.0,0.0,
0.92252,0.3333333333333333,0.0,1.0,
0.92244,0.1111111111111111,0.0,1.0,
0.9208,0.1111111111111111,1.0,0.0,
0.89846,0.1111111111111111,0.0,1.0,
0.89904,0.1111111111111111,1.0,0.0,
0.93994,0.1111111111111111,1.0,0.0,
0.93994,0.1111111111111111,1.0,0.0,
0.52128,0.5555555555555556,1.0,0.0,
0.9394,0.3333333333333333,0.0,1.0,
0.94096,0.1111111111111111,0.0,1.0,
0.91828,0.1111111111111111,0.0,1.0,
0.96364,0.1111111111111111,0.0,1.0,
0.5013,0.4444444444444444,1.0,0.0,
0.46412,0.4444444444444444,1.0,0.0,
0.46506,0.2222222222222222,1.0,0.0,
0.51754,0.2222222222222222,1.0,0.0,
0.51606,0.2222222222222222,1.0,0.0,
0.74706,0.2222222222222222,1.0,0.0,
0.7469,0.2222222222222222,1.0,0.0,
0.67762,0.8888888888888888,1.0,0.0,
0.75136,0.4444444444444444,0.0,1.0,
0.75244,0.2222222222222222,1.0,0.0,
0.96718,0.2222222222222222,0.0,1.0,
0.97968,0.2222222222222222,0.0,1.0,
0.97916,0.2222222222222222,1.0,0.0,
0.63086,0.7777777777777778,1.0,0.0,
0.33176,0.4444444444444444,0.0,1.0,
0.3651,0.2222222222222222,1.0,0.0,
0.80518,0.2222222222222222,0.0,1.0,
0.64844,0.5555555555555556,0.0,1.0,
0.49226,0.4444444444444444,1.0,0.0,
0.43824,0.4444444444444444,1.0,0.0,
0.44264,0.3333333333333333,1.0,0.0,
0.48884,0.3333333333333333,1.0,0.0,
0.49536,0.2222222222222222,1.0,0.0,
0.58924,0.8888888888888888,1.0,0.0,
0.58792,0.4444444444444444,1.0,0.0,
0.74286,0.4444444444444444,1.0,0.0,
0.80346,0.4444444444444444,0.0,1.0,
0.85482,0.3333333333333333,1.0,0.0,
0.85224,0.2222222222222222,1.0,0.0,
0.6021,0.8888888888888888,0.0,1.0,
0.59914,0.4444444444444444,1.0,0.0,
0.4362,0.4444444444444444,1.0,0.0,
0.34398,0.4444444444444444,1.0,0.0,
0.35762,0.3333333333333333,0.0,1.0,
0.63192,0.3333333333333333,1.0,0.0,
0.81644,0.3333333333333333,0.0,1.0,
0.81532,0.3333333333333333,1.0,0.0,
0.79936,0.3333333333333333,1.0,0.0,
0.55922,0.3333333333333333,1.0,0.0,
0.56154,0.3333333333333333,1.0,0.0,
0.37822,0.8888888888888888,1.0,0.0,
0.25392,0.3333333333333333,0.0,1.0,
0.18296,0.3333333333333333,1.0,0.0,
0.8676,0.3333333333333333,0.0,1.0,
0.41204,0.6666666666666666,1.0,0.0,
0.5644,0.3333333333333333,1.0,0.0,
0.56206,0.3333333333333333,1.0,0.0,
0.59954,0.3333333333333333,1.0,0.0,
0.5526,0.2222222222222222,0.0,1.0,
0.4478,0.2222222222222222,1.0,0.0,
0.34128,0.2222222222222222,1.0,0.0,
0.33828,0.2222222222222222,0.0,1.0,
0.27132,0.2222222222222222,1.0,0.0,
0.3712,0.6666666666666666,1.0,0.0,
0.37596,0.2222222222222222,1.0,0.0,
0.2152,0.2222222222222222,1.0,0.0,
0.58502,0.2222222222222222,0.0,1.0,
0.58742,0.2222222222222222,1.0,0.0,
0.53176,0.2222222222222222,1.0,0.0,
0.61768,0.4444444444444444,1.0,0.0,
0.62322,0.2222222222222222,1.0,0.0,
0.52722,0.2222222222222222,1.0,0.0,
0.42434,0.2222222222222222,1.0,0.0,
0.42256,0.2222222222222222,1.0,0.0,
0.37758,0.2222222222222222,1.0,0.0,
0.4724,0.3333333333333333,0.0,1.0,
0.2965,0.2222222222222222,1.0,0.0,
0.29584,0.2222222222222222,1.0,0.0,
0.27066,0.2222222222222222,0.0,1.0,
0.30044,0.2222222222222222,0.0,1.0,
0.59272,0.6666666666666666,0.0,1.0,
0.6011,0.2222222222222222,1.0,0.0,
0.76122,0.2222222222222222,0.0,1.0,
0.74932,0.2222222222222222,1.0,0.0,
0.87548,0.2222222222222222,1.0,0.0,
0.74492,0.7777777777777778,1.0,0.0,
0.74054,0.2222222222222222,1.0,0.0,
0.95376,0.2222222222222222,0.0,1.0,
0.9521,0.2222222222222222,0.0,1.0,
0.95312,0.2222222222222222,1.0,0.0,
0.9737,0.2222222222222222,0.0,1.0,
0.9966,0.2222222222222222,0.0,1.0,
0.53408,0.6666666666666666,0.0,1.0,
0.58838,0.2222222222222222,0.0,1.0,
0.58592,0.2222222222222222,0.0,1.0,
0.61614,0.2222222222222222,1.0,0.0,
0.57414,0.2222222222222222,1.0,0.0,
0.5386,0.3333333333333333,1.0,0.0,
0.56048,0.3333333333333333,0.0,1.0,
0.56254,0.2222222222222222,1.0,0.0,
0.70446,0.2222222222222222,0.0,1.0,
0.70152,0.2222222222222222,1.0,0.0,
0.86856,0.2222222222222222,1.0,0.0,
0.8715,0.2222222222222222,1.0,0.0,
0.52108,0.4444444444444444,0.0,1.0,
0.78416,0.3333333333333333,0.0,1.0,
0.7546,0.2222222222222222,0.0,1.0,
0.59762,0.2222222222222222,0.0,1.0,
0.38254,0.7777777777777778,0.0,1.0,
0.38056,0.2222222222222222,0.0,1.0,
0.255,0.2222222222222222,0.0,1.0,
0.23956,0.1111111111111111,1.0,0.0,
0.22016,0.1111111111111111,0.0,1.0,
0.7062,0.4444444444444444,0.0,1.0,
0.71018,0.2222222222222222,1.0,0.0,
0.65178,0.2222222222222222,1.0,0.0,
0.6566,0.1111111111111111,1.0,0.0,
0.65242,0.1111111111111111,1.0,0.0,
0.79872,1.0,1.0,0.0,
0.79548,0.2222222222222222,1.0,0.0,
0.80726,0.2222222222222222,1.0,0.0,
0.80572,0.2222222222222222,1.0,0.0,
0.84952,0.2222222222222222,1.0,0.0,
0.84626,0.1111111111111111,1.0,0.0,
0.96266,0.1111111111111111,1.0,0.0,
0.96304,0.1111111111111111,1.0,0.0,
0.5848,0.8888888888888888,0.0,1.0,
0.62594,0.2222222222222222,1.0,0.0,
0.62742,0.2222222222222222,1.0,0.0,
0.86374,0.2222222222222222,0.0,1.0,
0.99862,0.1111111111111111,0.0,1.0,
0.64664,0.8888888888888888,0.0,1.0,
0.69466,0.2222222222222222,0.0,1.0,
0.6929,0.1111111111111111,1.0,0.0,
0.56254,0.1111111111111111,0.0,1.0,
0.56542,0.1111111111111111,0.0,1.0,
0.55554,0.1111111111111111,1.0,0.0,
0.25246,0.1111111111111111,0.0,1.0,
0.74064,0.8888888888888888,1.0,0.0,
0.81764,0.2222222222222222,0.0,1.0,
0.825,0.1111111111111111,0.0,1.0,
0.82452,0.1111111111111111,0.0,1.0,
0.77544,0.1111111111111111,1.0,0.0,
0.38882,1.0,1.0,0.0,
0.38262,0.6666666666666666,1.0,0.0,
0.73244,0.6666666666666666,0.0,1.0,
0.74948,0.2222222222222222,0.0,1.0,
0.69024,0.1111111111111111,0.0,1.0,
0.62788,0.7777777777777778,0.0,1.0,
0.51894,0.5555555555555556,1.0,0.0,
0.42412,0.2222222222222222,1.0,0.0,
0.83656,0.1111111111111111,1.0,0.0,
0.64544,0.4444444444444444,0.0,1.0,
0.6499,0.4444444444444444,1.0,0.0,
0.59518,0.4444444444444444,0.0,1.0,
0.59946,0.2222222222222222,0.0,1.0,
0.5993,0.2222222222222222,1.0,0.0,
0.65904,0.2222222222222222,0.0,1.0,
0.65694,0.2222222222222222,1.0,0.0,
0.65524,0.2222222222222222,1.0,0.0,
0.55698,0.2222222222222222,1.0,0.0,
0.56166,0.2222222222222222,1.0,0.0,
0.64608,0.4444444444444444,1.0,0.0,
0.64764,0.4444444444444444,1.0,0.0,
0.6251,0.4444444444444444,1.0,0.0,
0.62606,0.2222222222222222,1.0,0.0,
0.62638,0.2222222222222222,1.0,0.0,
0.60476,0.2222222222222222,0.0,1.0,
0.60144,0.2222222222222222,0.0,1.0,
0.35404,0.2222222222222222,0.0,1.0,
0.54432,0.7777777777777778,1.0,0.0,
0.54292,0.4444444444444444,1.0,0.0,
0.54492,0.4444444444444444,1.0,0.0,
0.70292,0.4444444444444444,0.0,1.0,
0.70322,0.2222222222222222,0.0,1.0,
0.97252,0.2222222222222222,0.0,1.0,
0.97242,0.2222222222222222,1.0,0.0,
0.99696,0.2222222222222222,1.0,0.0,
0.64526,0.8888888888888888,0.0,1.0,
0.6502,0.2222222222222222,0.0,1.0,
0.49652,0.2222222222222222,1.0,0.0,
0.44696,0.2222222222222222,1.0,0.0,
0.49462,0.2222222222222222,0.0,1.0,
0.426,0.4444444444444444,0.0,1.0,
0.42854,0.2222222222222222,1.0,0.0,
0.22608,0.2222222222222222,1.0,0.0,
0.13018,0.2222222222222222,1.0,0.0,
0.049,0.1111111111111111,1.0,0.0,
0.53436,0.3333333333333333,1.0,0.0,
0.41924,0.3333333333333333,1.0,0.0,
0.36972,0.2222222222222222,1.0,0.0,
0.52316,0.2222222222222222,1.0,0.0,
0.489,1.0,1.0,0.0,
0.28058,0.2222222222222222,1.0,0.0,
0.27636,0.2222222222222222,1.0,0.0,
0.08534,0.2222222222222222,1.0,0.0,
0.57394,0.4444444444444444,1.0,0.0,
0.4606,0.2222222222222222,1.0,0.0,
0.40416,0.2222222222222222,1.0,0.0,
0.29908,0.2222222222222222,1.0,0.0,
0.41302,0.2222222222222222,1.0,0.0,
0.28628,0.2222222222222222,1.0,0.0,
0.4041,0.2222222222222222,1.0,0.0,
0.39992,0.2222222222222222,1.0,0.0,
0.95768,0.1111111111111111,0.0,1.0,
0.95528,0.1111111111111111,1.0,0.0,
0.58998,0.6666666666666666,1.0,0.0,
0.79864,0.2222222222222222,1.0,0.0,
0.7941,0.2222222222222222,0.0,1.0,
0.83676,0.1111111111111111,0.0,1.0,
0.70604,0.4444444444444444,0.0,1.0,
0.72824,0.4444444444444444,1.0,0.0,
0.67304,0.4444444444444444,0.0,1.0,
0.67276,0.3333333333333333,1.0,0.0,
0.72096,0.3333333333333333,1.0,0.0,
0.72384,0.2222222222222222,1.0,0.0,
0.7364,0.4444444444444444,1.0,0.0,
0.75456,0.4444444444444444,1.0,0.0,
0.69304,0.4444444444444444,1.0,0.0,
0.69366,0.3333333333333333,1.0,0.0,
0.73274,0.3333333333333333,1.0,0.0,
0.734,0.2222222222222222,1.0,0.0,
0.76906,0.8888888888888888,0.0,1.0,
0.77122,0.4444444444444444,1.0,0.0,
0.7844,0.4444444444444444,1.0,0.0,
0.99656,0.4444444444444444,0.0,1.0,
0.99892,0.3333333333333333,0.0,1.0,
0.47274,0.7777777777777778,1.0,0.0,
0.67734,0.5555555555555556,0.0,1.0,
0.67642,0.2222222222222222,1.0,0.0,
0.7045,0.2222222222222222,1.0,0.0,
0.70598,0.2222222222222222,1.0,0.0,
0.72848,0.2222222222222222,1.0,0.0,
0.56068,0.7777777777777778,1.0,0.0,
0.79492,0.5555555555555556,1.0,0.0,
0.79556,0.2222222222222222,1.0,0.0,
0.75634,0.2222222222222222,0.0,1.0,
0.81494,0.2222222222222222,1.0,0.0,
0.4291,0.6666666666666666,1.0,0.0,
0.48154,0.4444444444444444,0.0,1.0,
0.64574,0.2222222222222222,1.0,0.0,
0.6333,0.2222222222222222,1.0,0.0,
0.62806,0.3333333333333333,1.0,0.0,
0.50796,0.3333333333333333,1.0,0.0,
0.76064,0.4444444444444444,1.0,0.0,
0.62884,0.2222222222222222,1.0,0.0,
0.5835,0.8888888888888888,1.0,0.0,
0.51244,0.3333333333333333,1.0,0.0,
0.45202,0.4444444444444444,1.0,0.0,
0.29924,0.2222222222222222,1.0,0.0,
0.66384,0.4444444444444444,1.0,0.0,
0.55198,0.3333333333333333,1.0,0.0,
0.50462,0.3333333333333333,1.0,0.0,
0.26652,0.2222222222222222,1.0,0.0,
0.43494,0.4444444444444444,1.0,0.0,
0.58716,0.3333333333333333,1.0,0.0,
0.64298,0.3333333333333333,1.0,0.0,
0.64216,0.1111111111111111,1.0,0.0,
0.96174,0.1111111111111111,1.0,0.0,
0.96004,0.1111111111111111,1.0,0.0,
0.66776,0.4444444444444444,1.0,0.0,
0.86326,0.3333333333333333,1.0,0.0,
0.95848,0.3333333333333333,0.0,1.0,
0.93488,0.1111111111111111,0.0,1.0,
0.59734,0.3333333333333333,1.0,0.0,
0.86018,0.3333333333333333,0.0,1.0,
0.8584,0.2222222222222222,1.0,0.0,
0.8367,0.2222222222222222,0.0,1.0,
0.8537,0.2222222222222222,0.0,1.0,
0.7984,0.5555555555555556,1.0,0.0,
0.77888,0.3333333333333333,0.0,1.0,
0.7514,0.2222222222222222,1.0,0.0,
0.77956,0.2222222222222222,1.0,0.0,
0.54122,0.5555555555555556,1.0,0.0,
0.9228,0.5555555555555556,1.0,0.0,
0.918,0.4444444444444444,0.0,1.0,
0.91762,0.3333333333333333,1.0,0.0,
0.93518,0.3333333333333333,0.0,1.0,
0.93394,0.3333333333333333,1.0,0.0,
0.96732,0.3333333333333333,1.0,0.0,
0.96498,0.3333333333333333,1.0,0.0,
0.6474,0.8888888888888888,1.0,0.0,
0.89056,0.5555555555555556,0.0,1.0,
0.89018,0.4444444444444444,1.0,0.0,
0.88912,0.3333333333333333,1.0,0.0,
0.89552,0.3333333333333333,1.0,0.0,
0.89562,0.3333333333333333,1.0,0.0,
0.90082,0.3333333333333333,1.0,0.0,
0.89988,0.3333333333333333,1.0,0.0,
0.73974,0.7777777777777778,1.0,0.0,
0.9651,0.5555555555555556,0.0,1.0,
0.96654,0.3333333333333333,0.0,1.0,
0.9793,0.3333333333333333,0.0,1.0,
0.99688,0.3333333333333333,0.0,1.0,
0.63022,0.7777777777777778,1.0,0.0,
0.87352,0.5555555555555556,1.0,0.0,
0.87862,0.3333333333333333,1.0,0.0,
0.8809,0.3333333333333333,1.0,0.0,
0.884,0.3333333333333333,1.0,0.0,
0.76872,0.7777777777777778,1.0,0.0,
0.67122,0.3333333333333333,0.0,1.0,
0.6701,0.3333333333333333,1.0,0.0,
0.67598,0.3333333333333333,1.0,0.0,
0.77232,0.3333333333333333,0.0,1.0,
0.61764,0.5555555555555556,1.0,0.0,
0.82982,0.3333333333333333,1.0,0.0,
0.83022,0.3333333333333333,1.0,0.0,
0.83308,0.3333333333333333,1.0,0.0,
0.87248,0.3333333333333333,1.0,0.0,
0.60404,0.4444444444444444,1.0,0.0,
0.83224,0.3333333333333333,1.0,0.0,
0.83084,0.3333333333333333,1.0,0.0,
0.8567,0.3333333333333333,1.0,0.0,
0.86504,0.3333333333333333,1.0,0.0,
0.7411,0.3333333333333333,1.0,0.0,
0.7506,0.3333333333333333,1.0,0.0,
0.71692,0.3333333333333333,1.0,0.0,
0.67092,0.3333333333333333,1.0,0.0,
0.4597,0.3333333333333333,1.0,0.0,
0.58144,0.3333333333333333,1.0,0.0,
0.57068,0.3333333333333333,1.0,0.0,
0.63404,0.3333333333333333,1.0,0.0,
0.33992,0.8888888888888888,1.0,0.0,
0.16764,0.3333333333333333,1.0,0.0,
0.1324,0.3333333333333333,1.0,0.0,
0.07738,0.3333333333333333,1.0,0.0,
0.56082,0.3333333333333333,1.0,0.0,
0.37006,0.3333333333333333,1.0,0.0,
0.33616,0.3333333333333333,1.0,0.0,
0.3243,0.3333333333333333,1.0,0.0,
0.36586,0.2222222222222222,1.0,0.0,
0.41694,0.2222222222222222,1.0,0.0,
0.29836,0.2222222222222222,1.0,0.0,
0.8858,0.2222222222222222,1.0,0.0,
0.88176,0.1111111111111111,1.0,0.0,
0.46232,1.0,1.0,0.0,
0.74864,0.2222222222222222,1.0,0.0,
0.72108,0.2222222222222222,1.0,0.0,
0.80276,0.2222222222222222,0.0,1.0,
0.76792,0.3333333333333333,0.0,1.0,
0.83544,0.3333333333333333,1.0,0.0,
0.83554,0.3333333333333333,0.0,1.0,
0.83448,0.2222222222222222,1.0,0.0,
0.75122,0.2222222222222222,1.0,0.0,
0.74648,0.2222222222222222,1.0,0.0,
0.99546,0.2222222222222222,0.0,1.0,
0.52646,0.6666666666666666,1.0,0.0,
0.52378,0.3333333333333333,1.0,0.0,
0.87212,0.3333333333333333,0.0,1.0,
0.8717,0.2222222222222222,0.0,1.0,
0.79724,0.2222222222222222,0.0,1.0,
0.84182,0.2222222222222222,1.0,0.0,
0.35382,0.2222222222222222,1.0,0.0,
0.35452,0.2222222222222222,1.0,0.0,
0.20426,0.2222222222222222,1.0,0.0,
0.2027,0.2222222222222222,1.0,0.0,
0.16114,0.2222222222222222,1.0,0.0,
0.0,0.2222222222222222,1.0,0.0,
0.79848,0.2222222222222222,0.0,1.0,
0.70972,0.2222222222222222,0.0,1.0,
0.7403,0.2222222222222222,1.0,0.0,
0.72542,0.2222222222222222,1.0,0.0,
0.54516,0.3333333333333333,1.0,0.0,
0.54282,0.2222222222222222,1.0,0.0,
0.43082,0.2222222222222222,1.0,0.0,
0.3807,0.2222222222222222,1.0,0.0,
0.29834,0.2222222222222222,1.0,0.0,
0.405,0.2222222222222222,1.0,0.0,
0.70798,0.2222222222222222,0.0,1.0,
0.70854,0.2222222222222222,0.0,1.0,
0.63506,0.2222222222222222,1.0,0.0,
0.6358,0.1111111111111111,1.0,0.0,
0.7391,0.1111111111111111,1.0,0.0,
0.5202,1.0,1.0,0.0,
0.63432,0.2222222222222222,0.0,1.0,
0.63156,0.2222222222222222,1.0,0.0,
0.51398,0.2222222222222222,0.0,1.0,
0.52884,0.1111111111111111,1.0,0.0,
0.39308,0.7777777777777778,1.0,0.0,
0.55268,0.7777777777777778,1.0,0.0,
0.55276,0.4444444444444444,1.0,0.0,
0.49244,0.3333333333333333,1.0,0.0,
0.88318,0.3333333333333333,1.0,0.0,
0.88196,0.1111111111111111,1.0,0.0,
0.61702,0.7777777777777778,1.0,0.0,
0.85302,0.5555555555555556,0.0,1.0,
0.8523,0.3333333333333333,1.0,0.0,
0.81902,0.3333333333333333,1.0,0.0,
0.81984,0.3333333333333333,0.0,1.0,
0.4888,1.0,1.0,0.0,
0.48466,0.3333333333333333,1.0,0.0,
0.94018,0.3333333333333333,1.0,0.0,
0.94034,0.3333333333333333,1.0,0.0,
0.9282,0.2222222222222222,1.0,0.0,
0.92842,0.2222222222222222,0.0,1.0,
0.95424,0.2222222222222222,0.0,1.0,
0.84834,0.6666666666666666,0.0,1.0,
0.88564,0.3333333333333333,0.0,1.0,
0.86946,0.2222222222222222,0.0,1.0,
0.87126,0.2222222222222222,1.0,0.0,
0.82576,0.1111111111111111,1.0,0.0,
0.5397,0.4444444444444444,1.0,0.0,
0.8066,0.3333333333333333,1.0,0.0,
0.80518,0.3333333333333333,1.0,0.0,
0.79298,0.2222222222222222,1.0,0.0,
0.79266,0.2222222222222222,1.0,0.0,
0.83518,0.2222222222222222,1.0,0.0,
0.8386,0.2222222222222222,1.0,0.0,
0.79762,0.4444444444444444,0.0,1.0,
0.81486,0.3333333333333333,0.0,1.0,
0.81512,0.2222222222222222,0.0,1.0,
0.87278,0.2222222222222222,0.0,1.0,
0.62932,0.2222222222222222,1.0,0.0,
0.38042,0.2222222222222222,1.0,0.0,
0.38146,0.2222222222222222,1.0,0.0,
0.7542,0.2222222222222222,1.0,0.0,
0.51974,0.2222222222222222,1.0,0.0,
0.25344,0.2222222222222222,1.0,0.0,
0.22294,0.2222222222222222,1.0,0.0,
0.22116,0.2222222222222222,1.0,0.0,
0.35514,0.2222222222222222,1.0,0.0,
0.32018,0.2222222222222222,1.0,0.0,
0.19938,0.2222222222222222,1.0,0.0,
0.0,0.2222222222222222,1.0,0.0,
0.64118,0.5555555555555556,1.0,0.0,
0.73016,0.4444444444444444,1.0,0.0,
0.61114,0.3333333333333333,1.0,0.0,
0.6068,0.2222222222222222,1.0,0.0,
0.56732,0.2222222222222222,1.0,0.0,
0.56276,0.1111111111111111,1.0,0.0,
0.4273,0.5555555555555556,1.0,0.0,
0.4658,0.3333333333333333,1.0,0.0,
0.79794,0.3333333333333333,0.0,1.0,
0.86766,0.2222222222222222,0.0,1.0,
0.48924,0.6666666666666666,1.0,0.0,
0.43842,0.3333333333333333,1.0,0.0,
0.44074,0.2222222222222222,1.0,0.0,
0.32138,0.2222222222222222,1.0,0.0,
0.31964,0.2222222222222222,1.0,0.0,
0.8601,0.2222222222222222,0.0,1.0,
0.85894,0.2222222222222222,0.0,1.0,
0.7421,0.5555555555555556,1.0,0.0,
0.78486,0.3333333333333333,0.0,1.0,
0.7437,0.2222222222222222,0.0,1.0,
0.616,0.2222222222222222,0.0,1.0,
0.61558,0.1111111111111111,1.0,0.0,
0.51034,0.2222222222222222,1.0,0.0,
0.7584,0.2222222222222222,1.0,0.0,
0.68902,0.2222222222222222,1.0,0.0,
0.79022,0.2222222222222222,0.0,1.0,
0.79116,0.1111111111111111,1.0,0.0,
0.5284,1.0,0.0,1.0,
0.39864,0.2222222222222222,1.0,0.0,
0.3578,0.2222222222222222,1.0,0.0,
0.85536,0.2222222222222222,0.0,1.0,
0.57362,0.7777777777777778,1.0,0.0,
0.56806,0.5555555555555556,1.0,0.0,
0.83882,0.5555555555555556,0.0,1.0,
0.83462,0.1111111111111111,1.0,0.0,
0.83936,0.1111111111111111,1.0,0.0,
0.80916,0.1111111111111111,1.0,0.0,
0.64964,0.7777777777777778,0.0,1.0,
0.58838,0.5555555555555556,0.0,1.0,
0.4958,0.1111111111111111,1.0,0.0,
0.34236,0.1111111111111111,1.0,0.0,
0.46034,0.6666666666666666,1.0,0.0,
0.41186,0.5555555555555556,1.0,0.0,
0.93838,0.5555555555555556,0.0,1.0,
0.95262,0.2222222222222222,0.0,1.0,
0.43592,0.6666666666666666,1.0,0.0,
0.29036,0.5555555555555556,1.0,0.0,
0.6482,0.3333333333333333,1.0,0.0,
0.77994,0.2222222222222222,1.0,0.0,
0.3955,0.5555555555555556,1.0,0.0,
0.3982,0.4444444444444444,1.0,0.0,
0.87422,0.4444444444444444,1.0,0.0,
0.87378,0.3333333333333333,1.0,0.0,
0.92688,0.2222222222222222,0.0,1.0,
0.9257,0.2222222222222222,1.0,0.0,
0.97054,0.2222222222222222,0.0,1.0,
0.7674,0.7777777777777778,0.0,1.0,
0.76838,0.4444444444444444,1.0,0.0,
0.72506,0.4444444444444444,0.0,1.0,
0.89094,0.2222222222222222,0.0,1.0,
0.6519,0.1111111111111111,1.0,0.0,
0.58994,0.5555555555555556,1.0,0.0,
0.7599,0.4444444444444444,1.0,0.0,
0.76174,0.3333333333333333,0.0,1.0,
0.76496,0.3333333333333333,0.0,1.0,
0.72318,0.2222222222222222,1.0,0.0,
0.71948,0.2222222222222222,1.0,0.0,
0.68342,0.2222222222222222,1.0,0.0,
0.68568,0.2222222222222222,1.0,0.0,
0.5403,0.8888888888888888,0.0,1.0,
0.37008,0.4444444444444444,0.0,1.0,
0.37256,0.3333333333333333,0.0,1.0,
0.36814,0.2222222222222222,1.0,0.0,
0.23006,0.2222222222222222,0.0,1.0,
0.09558,0.2222222222222222,0.0,1.0,
0.56224,0.6666666666666666,1.0,0.0,
0.65598,0.4444444444444444,1.0,0.0,
0.65402,0.3333333333333333,1.0,0.0,
0.65826,0.2222222222222222,1.0,0.0,
0.62036,0.2222222222222222,1.0,0.0,
0.59076,0.2222222222222222,1.0,0.0,
0.63976,1.0,1.0,0.0,
0.63606,0.4444444444444444,1.0,0.0,
0.64016,0.4444444444444444,1.0,0.0,
0.52636,0.4444444444444444,1.0,0.0,
0.52684,0.3333333333333333,1.0,0.0,
0.86814,0.2222222222222222,0.0,1.0,
0.85298,0.2222222222222222,1.0,0.0,
0.85372,0.2222222222222222,1.0,0.0,
0.54624,0.8888888888888888,1.0,0.0,
0.54866,0.4444444444444444,1.0,0.0,
0.45664,0.4444444444444444,1.0,0.0,
0.4558,0.3333333333333333,1.0,0.0,
0.83148,0.2222222222222222,1.0,0.0,
0.81454,0.2222222222222222,0.0,1.0,
0.82582,0.6666666666666666,0.0,1.0,
0.82518,0.4444444444444444,1.0,0.0,
0.8473,0.3333333333333333,0.0,1.0,
0.79876,0.2222222222222222,1.0,0.0,
0.77076,0.2222222222222222,1.0,0.0,
0.61164,0.7777777777777778,1.0,0.0,
0.86832,0.4444444444444444,1.0,0.0,
0.86824,0.2222222222222222,1.0,0.0,
0.882,0.2222222222222222,1.0,0.0,
0.88438,0.1111111111111111,1.0,0.0,
0.88548,0.1111111111111111,0.0,1.0,
0.6221,0.6666666666666666,1.0,0.0,
0.77466,0.4444444444444444,0.0,1.0,
0.78072,0.2222222222222222,0.0,1.0,
0.75802,0.1111111111111111,1.0,0.0,
0.36954,0.1111111111111111,1.0,0.0,
0.2215,0.1111111111111111,1.0,0.0,
0.10518,0.1111111111111111,1.0,0.0,
0.0385,0.1111111111111111,1.0,0.0,
0.60718,0.3333333333333333,1.0,0.0,
0.50812,0.1111111111111111,1.0,0.0,
0.40154,0.1111111111111111,1.0,0.0,
0.47562,0.1111111111111111,1.0,0.0,
0.53896,0.7777777777777778,1.0,0.0,
0.87104,0.3333333333333333,1.0,0.0,
0.87228,0.2222222222222222,1.0,0.0,
0.68158,0.2222222222222222,1.0,0.0,
0.67708,0.2222222222222222,1.0,0.0,
0.72466,0.1111111111111111,0.0,1.0,
0.54278,0.5555555555555556,1.0,0.0,
0.50424,0.3333333333333333,1.0,0.0,
0.66892,0.2222222222222222,0.0,1.0,
0.7731,0.1111111111111111,1.0,0.0,
0.44024,0.1111111111111111,1.0,0.0,
0.64128,0.1111111111111111,1.0,0.0,
0.68274,0.1111111111111111,1.0,0.0,
0.68294,0.1111111111111111,1.0,0.0,
0.67616,0.1111111111111111,1.0,0.0,
0.66522,0.8888888888888888,1.0,0.0,
0.6131,0.1111111111111111,1.0,0.0,
0.50676,0.1111111111111111,0.0,1.0,
0.49278,0.1111111111111111,1.0,0.0,
0.4573,0.5555555555555556,1.0,0.0,
0.7103,0.3333333333333333,1.0,0.0,
0.704,0.2222222222222222,1.0,0.0,
0.63768,0.2222222222222222,1.0,0.0,
0.63978,0.1111111111111111,1.0,0.0,
0.62048,0.4444444444444444,1.0,0.0,
0.64786,0.3333333333333333,1.0,0.0,
0.88866,0.2222222222222222,1.0,0.0,
0.97412,0.2222222222222222,0.0,1.0,
0.43148,0.6666666666666666,1.0,0.0,
0.43252,0.1111111111111111,1.0,0.0,
0.89448,0.1111111111111111,1.0,0.0,
0.98044,0.1111111111111111,1.0,0.0,
0.98662,0.1111111111111111,0.0,1.0,
0.98462,0.1111111111111111,0.0,1.0,
0.98492,0.1111111111111111,1.0,0.0,
0.62574,0.6666666666666666,0.0,1.0,
0.58336,0.1111111111111111,1.0,0.0,
0.55436,0.1111111111111111,1.0,0.0,
0.88174,0.1111111111111111,0.0,1.0,
0.8844,0.1111111111111111,0.0,1.0,
0.60812,0.2222222222222222,1.0,0.0,
0.83848,0.2222222222222222,0.0,1.0,
0.83696,0.1111111111111111,1.0,0.0,
0.79616,0.1111111111111111,1.0,0.0,
0.79372,0.1111111111111111,1.0,0.0,
0.83408,0.1111111111111111,1.0,0.0,
0.8368,0.1111111111111111,1.0,0.0,
0.54874,0.6666666666666666,1.0,0.0,
0.90452,0.2222222222222222,0.0,1.0,
0.86858,0.1111111111111111,0.0,1.0,
0.92934,0.1111111111111111,0.0,1.0,
0.61,0.4444444444444444,1.0,0.0,
0.85696,0.4444444444444444,0.0,1.0,
0.85282,0.2222222222222222,1.0,0.0,
0.8505,0.2222222222222222,1.0,0.0,
0.84982,0.2222222222222222,1.0,0.0,
0.8707,0.2222222222222222,0.0,1.0,
0.47942,0.4444444444444444,1.0,0.0,
0.62692,0.4444444444444444,1.0,0.0,
0.62874,0.2222222222222222,1.0,0.0,
0.57854,0.2222222222222222,1.0,0.0,
0.575,0.2222222222222222,1.0,0.0,
0.75468,0.2222222222222222,1.0,0.0,
0.4956,0.7777777777777778,1.0,0.0,
0.4989,0.4444444444444444,1.0,0.0,
0.80654,0.4444444444444444,0.0,1.0,
0.78234,0.2222222222222222,0.0,1.0,
0.6582,0.2222222222222222,1.0,0.0,
0.54986,0.4444444444444444,1.0,0.0,
0.83162,0.3333333333333333,0.0,1.0,
0.8276,0.3333333333333333,1.0,0.0,
0.8062,0.3333333333333333,1.0,0.0,
0.80924,0.3333333333333333,1.0,0.0,
0.76152,0.2222222222222222,1.0,0.0,
0.76226,0.2222222222222222,1.0,0.0,
0.82618,0.6666666666666666,1.0,0.0,
0.82552,0.3333333333333333,1.0,0.0,
0.77648,0.3333333333333333,1.0,0.0,
0.77588,0.3333333333333333,1.0,0.0,
0.76644,0.3333333333333333,1.0,0.0,
0.7682,0.3333333333333333,1.0,0.0,
0.7223,0.2222222222222222,1.0,0.0,
0.72728,0.2222222222222222,1.0,0.0,
0.62816,0.4444444444444444,0.0,1.0,
0.84732,0.3333333333333333,0.0,1.0,
0.84846,0.3333333333333333,0.0,1.0,
0.81104,0.2222222222222222,0.0,1.0,
0.60252,0.2222222222222222,1.0,0.0,
0.47478,0.2222222222222222,1.0,0.0,
0.46274,0.2222222222222222,1.0,0.0,
0.72582,0.2222222222222222,1.0,0.0,
0.72824,0.2222222222222222,1.0,0.0,
0.56566,0.4444444444444444,1.0,0.0,
0.46456,0.2222222222222222,1.0,0.0,
0.29582,0.2222222222222222,1.0,0.0,
0.71002,0.2222222222222222,0.0,1.0,
0.50556,0.4444444444444444,1.0,0.0,
0.78118,0.4444444444444444,1.0,0.0,
0.78428,0.4444444444444444,1.0,0.0,
0.83242,0.3333333333333333,1.0,0.0,
0.83472,0.3333333333333333,0.0,1.0,
0.89584,0.1111111111111111,0.0,1.0,
0.64702,0.5555555555555556,1.0,0.0,
0.85276,0.4444444444444444,0.0,1.0,
0.78776,0.3333333333333333,0.0,1.0,
0.78752,0.1111111111111111,1.0,0.0,
0.82752,0.1111111111111111,1.0,0.0,
0.46036,0.4444444444444444,1.0,0.0,
0.45992,0.4444444444444444,1.0,0.0,
0.5983,0.4444444444444444,1.0,0.0,
0.6003,0.3333333333333333,1.0,0.0,
0.93264,0.3333333333333333,1.0,0.0,
0.9787,0.3333333333333333,0.0,1.0,
0.97908,0.2222222222222222,0.0,1.0,
0.53992,0.4444444444444444,0.0,1.0,
0.76878,0.4444444444444444,0.0,1.0,
0.77046,0.3333333333333333,1.0,0.0,
0.81346,0.3333333333333333,1.0,0.0,
0.81514,0.3333333333333333,1.0,0.0,
0.8112,0.2222222222222222,1.0,0.0,
0.5397,0.5555555555555556,1.0,0.0,
0.53992,0.4444444444444444,1.0,0.0,
0.73606,0.4444444444444444,1.0,0.0,
0.74236,0.3333333333333333,1.0,0.0,
0.81196,0.3333333333333333,1.0,0.0,
0.91234,0.3333333333333333,0.0,1.0,
0.9119,0.2222222222222222,1.0,0.0,
0.28136,0.2222222222222222,1.0,0.0,
0.54626,0.2222222222222222,1.0,0.0,
0.51758,0.2222222222222222,0.0,1.0,
0.52024,0.1111111111111111,1.0,0.0,
0.5505,0.1111111111111111,1.0,0.0,
0.54662,0.1111111111111111,1.0,0.0,
0.47588,0.3333333333333333,1.0,0.0,
0.57148,0.2222222222222222,1.0,0.0,
0.78388,0.1111111111111111,0.0,1.0,
0.81142,0.1111111111111111,0.0,1.0,
0.61822,0.6666666666666666,0.0,1.0,
0.48178,0.1111111111111111,0.0,1.0,
0.41608,0.1111111111111111,0.0,1.0,
0.56598,0.1111111111111111,0.0,1.0,
0.49686,0.5555555555555556,1.0,0.0,
0.4393,0.1111111111111111,1.0,0.0,
0.42044,0.1111111111111111,1.0,0.0,
0.6705,0.1111111111111111,1.0,0.0,
0.33556,0.4444444444444444,1.0,0.0,
0.1784,0.4444444444444444,1.0,0.0,
0.0994,0.4444444444444444,1.0,0.0,
0.03742,0.4444444444444444,1.0,0.0,
0.3748,0.4444444444444444,1.0,0.0,
0.20818,0.4444444444444444,1.0,0.0,
0.19754,0.4444444444444444,1.0,0.0,
0.04758,0.4444444444444444,1.0,0.0,
0.53962,0.6666666666666666,1.0,0.0,
0.40038,0.4444444444444444,1.0,0.0,
0.3313,0.4444444444444444,1.0,0.0,
0.22612,0.4444444444444444,1.0,0.0,
0.35774,0.5555555555555556,1.0,0.0,
0.15376,0.4444444444444444,1.0,0.0,
0.15242,0.4444444444444444,1.0,0.0,
0.0,0.4444444444444444,1.0,0.0,
0.56082,0.5555555555555556,1.0,0.0,
0.45556,0.4444444444444444,1.0,0.0,
0.40718,0.4444444444444444,1.0,0.0,
0.30638,0.4444444444444444,1.0,0.0,
0.647,0.3333333333333333,1.0,0.0,
0.65292,0.3333333333333333,0.0,1.0,
0.68112,0.3333333333333333,0.0,1.0,
0.62038,0.3333333333333333,1.0,0.0,
0.61758,0.2222222222222222,1.0,0.0,
0.45758,1.0,1.0,0.0,
0.46028,0.3333333333333333,1.0,0.0,
0.78356,0.3333333333333333,1.0,0.0,
0.79952,0.3333333333333333,1.0,0.0,
0.70072,0.3333333333333333,1.0,0.0,
0.70264,0.2222222222222222,1.0,0.0,
0.56988,1.0,0.0,1.0,
0.57614,0.3333333333333333,1.0,0.0,
0.6299,0.3333333333333333,1.0,0.0,
0.4733,0.3333333333333333,1.0,0.0,
0.99736,0.3333333333333333,0.0,1.0,
